service_id,monday,tuesday,wednesday,thursday,friday,saturday,sunday,start_date,end_date
IDFM:1,1,1,1,1,1,1,1,20260427,20260526
IDFM:1569,0,1,0,0,0,0,0,20260505,20260526
IDFM:3448,1,0,0,0,0,0,1,20260427,20260525
IDFM:6690,0,1,1,1,1,0,1,20260428,20260524
IDFM:10000,1,1,1,1,0,1,0,20260427,20260502
IDFM:10001,0,0,0,0,1,0,0,20260501,20260501
IDFM:10013,0,0,0,0,0,0,1,20260503,20260503
IDFM:10048,1,1,1,0,0,1,0,20260504,20260526
IDFM:10075,0,0,0,0,0,0,1,20260510,20260524
IDFM:10184,0,0,1,0,0,0,0,20260506,20260520
IDFM:10185,1,1,0,0,0,0,0,20260504,20260526
IDFM:10188,0,0,1,0,0,1,0,20260506,20260523
IDFM:10193,1,1,1,0,0,0,0,20260504,20260526
IDFM:10199,0,0,0,0,0,1,0,20260509,20260523
IDFM:10217,1,1,1,1,0,0,0,20260427,20260526
IDFM:10292,0,0,0,0,0,1,0,20260502,20260516
IDFM:10332,0,0,0,0,0,1,0,20260502,20260502
IDFM:10344,0,0,0,0,1,0,1,20260501,20260503
IDFM:10425,0,0,0,0,0,0,1,20260508,20260525
IDFM:10427,0,0,0,0,0,1,0,20260509,20260523
IDFM:11142,0,0,0,0,1,0,0,20260515,20260522
IDFM:11769,1,1,0,0,0,0,0,20260504,20260526
IDFM:12319,1,1,1,1,0,0,0,20260427,20260526
IDFM:12433,0,0,0,0,1,0,0,20260501,20260522
IDFM:14805,1,1,1,1,1,1,1,20260427,20260526
IDFM:14820,1,1,1,1,1,0,1,20260427,20260525
IDFM:14821,1,1,1,1,0,1,1,20260427,20260526
IDFM:14823,0,0,0,0,0,1,1,20260502,20260524
IDFM:16432,0,0,1,0,1,0,0,20260506,20260522
IDFM:16437,1,1,0,0,0,0,0,20260504,20260526
IDFM:17272,0,1,1,1,1,1,0,20260505,20260523
IDFM:17304,0,1,1,1,1,0,0,20260428,20260501
IDFM:17408,1,0,0,0,0,0,0,20260427,20260427
IDFM:17689,1,0,0,0,0,0,0,20260511,20260525
IDFM:18717,0,0,0,0,0,1,1,20260509,20260524
IDFM:18843,0,0,0,0,0,1,1,20260502,20260503
IDFM:20384,1,1,1,1,1,1,1,20260504,20260526
IDFM:24380,0,0,0,0,0,1,1,20260501,20260524
IDFM:25851,0,0,0,0,0,0,1,20260501,20260525
IDFM:33819,0,1,1,1,0,0,0,20260428,20260430
IDFM:33944,0,1,1,1,0,0,0,20260428,20260526
IDFM:38750,1,0,0,0,0,0,0,20260502,20260526
IDFM:45862,0,1,1,1,0,0,0,20260427,20260526
IDFM:47187,0,1,0,0,0,0,0,20260504,20260526
IDFM:47188,1,1,1,0,0,0,0,20260427,20260526
IDFM:47454,0,0,0,0,0,1,0,20260509,20260523
IDFM:50990,0,0,1,1,1,0,0,20260506,20260523
IDFM:51227,0,1,0,0,0,0,0,20260505,20260519
IDFM:60227,0,0,0,0,0,0,1,20260510,20260525
IDFM:66395,1,1,0,0,0,0,0,20260504,20260526
IDFM:66710,0,0,0,0,0,1,0,20260430,20260523
IDFM:66837,0,0,0,0,1,0,0,20260507,20260522
IDFM:67121,1,1,0,0,0,0,0,20260427,20260526
IDFM:71153,0,0,0,0,0,0,1,20260503,20260524
IDFM:71485,1,1,0,0,0,0,0,20260504,20260526
IDFM:71685,0,0,0,0,0,1,0,20260501,20260525
IDFM:75815,1,1,1,0,0,0,0,20260504,20260526
IDFM:94655,0,0,0,0,0,0,1,20260510,20260524
IDFM:100000,0,0,0,0,0,0,1,20260503,20260525
IDFM:100003,1,0,0,0,0,0,0,20260504,20260526
IDFM:100035,0,0,0,0,0,1,0,20260502,20260525
IDFM:100037,0,0,0,0,1,0,0,20260501,20260524
IDFM:100103,1,0,0,0,0,0,0,20260518,20260518
IDFM:100133,0,1,0,0,0,0,0,20260519,20260519
IDFM:100267,0,1,0,0,0,0,0,20260504,20260526
IDFM:100276,0,0,0,0,0,1,0,20260502,20260523
IDFM:100317,0,0,0,0,0,0,1,20260501,20260525
IDFM:100355,1,1,1,0,0,0,0,20260504,20260526
IDFM:100412,0,0,0,0,0,1,0,20260502,20260523
IDFM:100460,0,0,0,0,1,0,0,20260515,20260515
IDFM:100727,1,1,1,1,0,0,0,20260427,20260430
IDFM:100846,1,1,1,0,0,0,0,20260504,20260526
IDFM:101225,1,1,0,0,0,0,0,20260504,20260526
IDFM:101396,0,1,1,1,0,0,0,20260505,20260522
IDFM:101447,0,0,0,0,0,0,1,20260503,20260524
IDFM:101626,0,0,0,0,0,1,0,20260516,20260516
IDFM:102208,1,1,1,0,0,0,0,20260427,20260429
IDFM:102213,0,0,0,1,0,0,0,20260430,20260430
IDFM:103260,0,0,0,0,0,1,0,20260509,20260523
IDFM:103665,0,0,0,0,0,1,0,20260427,20260523
IDFM:103805,0,0,1,0,0,0,0,20260506,20260520
IDFM:103806,1,1,0,0,0,0,0,20260504,20260526
IDFM:103809,0,0,1,0,0,0,0,20260513,20260513
IDFM:103824,0,0,0,0,0,0,1,20260503,20260517
IDFM:103829,0,0,0,0,0,0,1,20260510,20260524
IDFM:103892,0,1,1,0,0,0,0,20260505,20260522
IDFM:103908,0,0,0,1,0,0,0,20260507,20260521
IDFM:103932,0,0,0,1,0,0,0,20260514,20260514
IDFM:106549,0,0,0,0,0,0,1,20260503,20260517
IDFM:106597,1,0,0,0,0,0,0,20260504,20260518
IDFM:109662,0,0,0,0,0,1,0,20260523,20260523
IDFM:109663,0,0,0,0,0,1,0,20260502,20260516
IDFM:109724,1,1,1,1,0,0,0,20260427,20260526
IDFM:109805,0,0,0,0,0,0,1,20260524,20260524
IDFM:109833,0,0,0,0,0,0,1,20260501,20260525
IDFM:110487,0,1,1,1,0,0,0,20260505,20260522
IDFM:110518,1,0,0,0,0,0,0,20260502,20260526
IDFM:110743,0,0,0,0,0,0,1,20260503,20260524
IDFM:111465,1,1,1,0,0,0,0,20260504,20260526
IDFM:112650,1,1,0,0,0,0,0,20260504,20260526
IDFM:112652,0,0,0,0,0,0,1,20260510,20260525
IDFM:113662,1,0,1,1,0,0,0,20260427,20260430
IDFM:113815,0,1,0,0,0,0,0,20260505,20260526
IDFM:113949,1,0,1,0,0,0,0,20260504,20260521
IDFM:113987,0,1,0,1,0,0,0,20260505,20260522
IDFM:115776,0,1,0,0,0,0,0,20260428,20260428
IDFM:117248,0,0,0,0,0,0,1,20260427,20260525
IDFM:117301,0,0,1,0,0,0,0,20260429,20260429
IDFM:117382,0,0,0,0,1,0,0,20260430,20260524
IDFM:117492,1,1,0,1,0,0,0,20260427,20260430
IDFM:118306,1,1,1,0,0,0,0,20260504,20260526
IDFM:118389,1,1,0,0,0,0,0,20260504,20260526
IDFM:118457,0,0,1,0,0,0,0,20260506,20260522
IDFM:118510,0,1,0,0,0,0,0,20260428,20260526
IDFM:118516,1,0,1,1,0,0,0,20260427,20260521
IDFM:119870,1,1,1,0,0,0,0,20260427,20260526
IDFM:119905,1,1,1,1,0,1,0,20260427,20260526
IDFM:120764,1,1,1,0,0,0,0,20260427,20260526
IDFM:120781,0,0,0,0,0,0,1,20260501,20260524
IDFM:120820,0,0,0,0,1,1,1,20260501,20260525
IDFM:121097,0,0,0,0,0,0,1,20260503,20260517
IDFM:121352,0,0,0,0,0,1,0,20260427,20260523
IDFM:121356,0,0,0,0,0,1,0,20260430,20260523
IDFM:121363,0,0,0,0,0,0,1,20260503,20260525
IDFM:121424,1,1,1,1,1,0,1,20260501,20260526
IDFM:121479,1,1,1,0,0,1,0,20260502,20260526
IDFM:121959,1,1,1,1,0,0,0,20260427,20260507
IDFM:121960,1,1,1,1,0,0,0,20260504,20260507
IDFM:121974,0,0,0,0,1,0,1,20260501,20260510
IDFM:121987,0,0,0,0,0,1,0,20260509,20260509
IDFM:122050,0,0,0,1,0,0,0,20260430,20260507
IDFM:122333,1,1,1,0,0,0,0,20260427,20260507
IDFM:122349,1,1,1,0,0,0,0,20260427,20260506
IDFM:122836,0,0,0,1,0,0,0,20260430,20260509
IDFM:122904,0,0,0,0,0,0,1,20260503,20260510
IDFM:122942,0,0,0,0,1,0,0,20260501,20260508
IDFM:123067,1,1,1,0,0,0,0,20260511,20260526
IDFM:123198,1,1,0,0,0,0,0,20260511,20260526
IDFM:123220,1,1,1,0,1,1,0,20260511,20260526
IDFM:123298,0,0,0,0,0,1,0,20260515,20260523
IDFM:125149,1,1,1,1,1,0,1,20260501,20260526
IDFM:125151,1,1,1,1,1,1,1,20260501,20260526
IDFM:125192,1,1,0,1,1,1,1,20260501,20260526
IDFM:125421,0,0,0,0,0,1,0,20260427,20260523
IDFM:125576,0,0,0,0,0,1,0,20260427,20260523
IDFM:126180,0,0,0,0,0,0,1,20260427,20260525
IDFM:126274,1,1,1,0,0,0,0,20260502,20260526
IDFM:126933,0,0,0,0,0,1,1,20260501,20260525
IDFM:131373,0,1,1,1,1,0,0,20260505,20260523
IDFM:133930,0,0,0,0,0,0,1,20260508,20260525
IDFM:134185,0,0,0,0,0,0,1,20260501,20260517
IDFM:135107,0,1,1,0,0,0,0,20260504,20260526
IDFM:136934,0,0,0,0,0,0,1,20260501,20260524
IDFM:137432,1,0,0,0,0,0,0,20260502,20260525
IDFM:139005,0,0,0,0,1,0,0,20260507,20260522
IDFM:139010,0,0,0,0,0,1,0,20260508,20260523
IDFM:143474,0,1,0,0,0,0,0,20260504,20260526
IDFM:143477,0,0,0,0,1,0,0,20260522,20260522
IDFM:144395,0,0,0,0,0,1,0,20260502,20260509
IDFM:144748,1,0,0,0,0,0,0,20260504,20260518
IDFM:146761,1,0,0,0,0,0,0,20260525,20260525
IDFM:149756,1,1,0,0,0,0,1,20260503,20260526
IDFM:149758,0,0,0,0,1,0,0,20260501,20260524
IDFM:150191,1,1,0,0,0,0,0,20260504,20260526
IDFM:151361,0,0,0,0,0,1,0,20260502,20260523
IDFM:151362,0,0,0,0,0,1,0,20260509,20260516
IDFM:151367,0,0,0,0,0,0,1,20260510,20260517
IDFM:151398,0,0,0,0,0,0,1,20260503,20260524
IDFM:151727,0,0,0,0,0,0,1,20260501,20260525
IDFM:151736,1,0,0,0,0,0,0,20260502,20260526
IDFM:153344,0,0,0,0,1,1,0,20260507,20260523
IDFM:153444,1,1,1,0,0,0,0,20260427,20260526
IDFM:153683,0,0,0,0,0,1,1,20260501,20260525
IDFM:153894,0,0,0,0,0,0,1,20260503,20260525
IDFM:154147,1,1,1,0,0,0,0,20260427,20260526
IDFM:154625,0,0,0,0,0,1,0,20260501,20260523
IDFM:155797,1,1,1,0,0,0,0,20260502,20260526
IDFM:157383,0,0,0,0,1,1,0,20260501,20260524
IDFM:158000,0,0,0,0,0,1,0,20260427,20260523
IDFM:158046,0,0,0,0,0,1,0,20260430,20260523
IDFM:160593,0,1,0,0,0,0,0,20260504,20260526
IDFM:162480,0,1,1,1,1,0,0,20260505,20260523
IDFM:169235,0,0,1,1,1,0,0,20260506,20260522
IDFM:169375,0,0,0,0,1,1,1,20260427,20260525
IDFM:169644,1,1,0,1,0,0,0,20260427,20260526
IDFM:169746,0,0,1,0,0,0,0,20260429,20260520
IDFM:169887,1,1,1,1,1,1,0,20260501,20260526
IDFM:169962,1,1,1,0,0,0,0,20260504,20260526
IDFM:170432,0,0,0,0,0,0,1,20260503,20260525
IDFM:170433,0,0,0,0,0,0,1,20260503,20260525
IDFM:170437,1,1,1,0,0,0,1,20260503,20260526
IDFM:170440,1,1,0,0,0,0,1,20260503,20260526
IDFM:170446,0,0,0,0,0,1,1,20260427,20260525
IDFM:170449,0,0,0,0,0,1,1,20260501,20260525
IDFM:170455,0,0,0,0,1,1,1,20260501,20260525
IDFM:170461,1,1,1,0,1,1,1,20260501,20260526
IDFM:170465,0,1,0,0,0,0,0,20260505,20260526
IDFM:170496,1,1,0,0,0,1,0,20260501,20260526
IDFM:170573,1,1,1,1,0,0,0,20260427,20260526
IDFM:170815,1,0,0,0,0,0,0,20260427,20260518
IDFM:170936,0,1,1,1,0,0,0,20260427,20260526
IDFM:171274,0,0,0,1,0,0,0,20260427,20260514
IDFM:171317,0,0,0,0,0,1,0,20260427,20260524
IDFM:172542,0,0,0,1,0,0,0,20260427,20260522
IDFM:172670,0,0,0,0,0,1,0,20260501,20260524
IDFM:172759,0,0,0,0,1,1,0,20260501,20260524
IDFM:172818,0,0,0,1,0,0,0,20260430,20260514
IDFM:172953,0,0,0,0,0,0,1,20260427,20260525
IDFM:173079,0,0,0,0,0,1,0,20260430,20260524
IDFM:173127,0,0,0,1,1,1,0,20260430,20260524
IDFM:173386,1,1,0,0,0,1,1,20260501,20260526
IDFM:173849,1,1,1,0,0,0,1,20260427,20260526
IDFM:174097,1,1,1,0,0,0,1,20260427,20260526
IDFM:174190,1,1,1,1,1,0,1,20260427,20260526
IDFM:174194,1,1,1,1,0,1,0,20260427,20260526
IDFM:174197,1,1,1,1,0,0,1,20260427,20260526
IDFM:174202,1,1,1,1,1,1,1,20260427,20260526
IDFM:174242,1,1,1,1,0,1,1,20260427,20260526
IDFM:174244,1,1,1,0,0,1,1,20260427,20260526
IDFM:174379,1,1,1,0,0,1,0,20260427,20260526
IDFM:174573,1,1,1,1,1,0,0,20260427,20260526
IDFM:174574,1,1,1,0,0,0,0,20260427,20260526
IDFM:174579,0,0,0,0,1,1,0,20260430,20260524
IDFM:174620,0,0,0,0,1,0,0,20260430,20260524
IDFM:174633,0,0,0,0,1,0,0,20260430,20260524
IDFM:174699,0,0,0,0,1,0,0,20260501,20260524
IDFM:175453,0,0,0,0,0,1,1,20260502,20260525
IDFM:175714,0,0,0,1,0,0,1,20260430,20260525
IDFM:175953,1,1,1,0,0,0,0,20260427,20260526
IDFM:176244,0,0,0,0,0,1,0,20260430,20260523
IDFM:176516,0,0,0,0,0,0,1,20260503,20260525
IDFM:176859,0,1,1,0,0,0,0,20260513,20260526
IDFM:176866,1,1,0,1,0,0,0,20260514,20260526
IDFM:176916,0,1,1,0,1,0,0,20260513,20260526
IDFM:176925,0,0,0,0,0,1,0,20260516,20260523
IDFM:176948,0,0,0,0,0,1,0,20260514,20260525
IDFM:177123,0,1,0,0,0,0,0,20260518,20260526
IDFM:177913,0,1,0,0,0,0,0,20260515,20260526
IDFM:178309,1,1,1,1,0,0,0,20260513,20260526
IDFM:178449,0,1,1,0,0,1,0,20260513,20260526
IDFM:178755,0,0,0,0,1,0,0,20260513,20260522
IDFM:178798,1,1,1,1,0,0,0,20260427,20260512
IDFM:178804,1,1,1,0,0,0,0,20260427,20260512
IDFM:178809,0,0,0,0,1,1,0,20260501,20260509
IDFM:178830,0,0,0,1,1,1,0,20260430,20260509
IDFM:178847,0,0,0,0,1,1,1,20260501,20260510
IDFM:178886,1,1,1,0,0,0,1,20260427,20260512
IDFM:178928,1,1,1,1,0,0,1,20260427,20260512
IDFM:179362,1,1,1,1,1,1,0,20260427,20260512
IDFM:179454,1,1,1,1,1,1,1,20260427,20260512
IDFM:180384,0,0,0,0,0,1,0,20260516,20260524
IDFM:180385,0,0,0,0,1,1,0,20260513,20260524
IDFM:180392,0,0,0,0,0,1,0,20260515,20260524
IDFM:180447,0,0,0,0,0,0,1,20260514,20260525
IDFM:180450,1,1,1,1,1,1,1,20260513,20260526
IDFM:180465,0,0,0,0,0,1,1,20260514,20260525
IDFM:180532,1,1,1,1,0,1,1,20260513,20260526
IDFM:180567,1,1,1,1,0,0,1,20260513,20260526
IDFM:180713,0,0,0,0,0,1,0,20260513,20260524
IDFM:180847,0,1,1,0,0,0,0,20260505,20260526
IDFM:180848,0,1,0,0,0,0,0,20260505,20260526
IDFM:180863,0,0,0,0,0,0,1,20260503,20260525
IDFM:180905,0,0,0,0,0,1,1,20260503,20260525
IDFM:180906,1,1,1,1,1,1,1,20260503,20260526
IDFM:180914,1,1,1,1,1,0,1,20260503,20260526
IDFM:181185,1,1,0,0,0,0,1,20260503,20260526
IDFM:181379,0,1,1,0,0,1,0,20260505,20260526
IDFM:182076,0,1,0,0,0,1,0,20260505,20260526
IDFM:182757,0,0,0,0,1,0,0,20260507,20260524
IDFM:182957,0,0,0,0,1,1,0,20260507,20260524
IDFM:183059,1,1,0,0,0,0,1,20260503,20260526
IDFM:183539,1,0,0,0,0,0,0,20260504,20260504
IDFM:184705,0,0,0,1,1,0,0,20260430,20260501
IDFM:185922,1,1,1,1,1,0,0,20260427,20260501
IDFM:188513,0,0,0,1,1,0,1,20260430,20260525
IDFM:188957,1,1,1,0,0,0,1,20260427,20260526
IDFM:190618,0,0,0,0,0,1,0,20260501,20260523
IDFM:191908,1,1,1,1,0,1,0,20260427,20260526
IDFM:191934,0,0,0,0,0,1,1,20260508,20260525
IDFM:191951,0,0,0,0,1,0,0,20260501,20260515
IDFM:192017,1,1,1,1,0,0,1,20260427,20260526
IDFM:192028,0,0,0,0,1,1,1,20260501,20260503
IDFM:192141,1,1,1,1,0,0,0,20260427,20260526
IDFM:192185,0,0,0,0,0,1,0,20260501,20260523
IDFM:192234,1,1,1,1,1,0,1,20260427,20260526
IDFM:192309,0,0,0,0,1,0,0,20260501,20260515
IDFM:192595,0,0,0,0,1,1,0,20260430,20260524
IDFM:193036,0,0,0,0,0,0,1,20260502,20260525
IDFM:193110,1,1,1,1,0,0,0,20260427,20260526
IDFM:193220,1,1,1,1,0,1,1,20260427,20260526
IDFM:193428,0,0,0,0,0,0,1,20260508,20260525
IDFM:193456,0,0,0,0,0,0,1,20260501,20260525
IDFM:193457,0,0,0,1,1,0,1,20260430,20260525
IDFM:193470,0,0,0,0,0,1,0,20260502,20260523
IDFM:193521,0,0,0,0,0,1,0,20260430,20260523
IDFM:194349,1,1,1,1,1,1,0,20260427,20260526
IDFM:194357,1,1,1,0,0,1,0,20260427,20260526
IDFM:194388,1,1,1,1,1,0,0,20260427,20260526
IDFM:194605,0,0,0,0,0,1,0,20260502,20260523
IDFM:194629,0,0,0,1,1,1,1,20260430,20260525
IDFM:194806,0,0,0,0,1,0,1,20260501,20260525
IDFM:195092,0,0,0,0,0,1,1,20260502,20260525
IDFM:195771,0,0,0,0,0,1,0,20260430,20260523
IDFM:198302,0,0,0,0,0,1,1,20260502,20260525
IDFM:201735,1,1,1,1,1,1,0,20260427,20260526
IDFM:202558,1,1,1,1,0,0,1,20260427,20260526
IDFM:204099,0,0,0,1,1,1,1,20260430,20260525
IDFM:204221,1,1,1,1,0,0,0,20260427,20260526
IDFM:204237,1,1,1,0,0,0,0,20260427,20260526
IDFM:204283,0,0,0,0,0,0,1,20260517,20260517
IDFM:204405,0,0,0,0,0,1,1,20260502,20260510
IDFM:204406,0,0,0,0,0,1,1,20260501,20260524
IDFM:204411,1,1,1,1,0,0,0,20260427,20260526
IDFM:204412,0,0,0,0,1,0,0,20260501,20260525
IDFM:204453,0,0,0,0,0,0,1,20260501,20260524
IDFM:204471,0,0,0,0,1,0,0,20260501,20260525
IDFM:204553,0,0,0,0,0,1,1,20260502,20260515
IDFM:204556,1,1,1,1,0,0,0,20260427,20260526
IDFM:204562,1,1,1,1,1,0,1,20260427,20260526
IDFM:204611,0,0,0,0,0,1,0,20260514,20260525
IDFM:204666,0,0,0,0,0,0,1,20260502,20260525
IDFM:204692,0,0,0,0,1,0,1,20260501,20260524
IDFM:204733,1,1,1,1,1,0,1,20260427,20260526
IDFM:204752,1,1,1,0,0,0,0,20260427,20260526
IDFM:204775,0,0,0,0,0,1,0,20260502,20260523
IDFM:204787,0,0,0,0,1,1,1,20260501,20260524
IDFM:204818,0,0,0,0,0,0,1,20260501,20260525
IDFM:204877,1,1,1,1,1,0,0,20260427,20260526
IDFM:204925,1,1,1,1,0,0,0,20260427,20260526
IDFM:204961,1,1,1,1,1,0,1,20260427,20260526
IDFM:205081,1,1,1,1,0,0,0,20260427,20260526
IDFM:205160,1,1,1,1,1,0,0,20260427,20260526
IDFM:205164,1,1,1,1,0,0,0,20260427,20260526
IDFM:205364,1,1,1,1,0,0,0,20260427,20260526
IDFM:205485,1,1,1,0,0,0,0,20260427,20260526
IDFM:205491,1,1,1,1,0,1,1,20260427,20260526
IDFM:205545,1,1,1,1,1,0,0,20260427,20260526
IDFM:205624,1,1,1,1,1,0,0,20260427,20260526
IDFM:205763,1,1,1,1,1,0,0,20260427,20260526
IDFM:205793,1,1,1,1,0,0,0,20260427,20260526
IDFM:205973,1,1,1,0,0,0,0,20260427,20260526
IDFM:206191,1,1,1,1,0,0,0,20260427,20260526
IDFM:206337,0,0,0,0,1,0,0,20260501,20260524
IDFM:210569,0,0,0,1,0,0,1,20260430,20260525
IDFM:210724,0,0,0,1,0,0,0,20260430,20260525
IDFM:211837,1,1,0,0,1,1,1,20260501,20260526
IDFM:211841,0,0,0,0,0,0,1,20260503,20260525
IDFM:211880,0,0,0,0,1,1,1,20260501,20260525
IDFM:211921,0,0,0,0,1,1,0,20260501,20260524
IDFM:211988,0,0,0,0,0,0,1,20260427,20260525
IDFM:213129,1,0,1,0,0,0,0,20260504,20260520
IDFM:213144,1,0,1,0,0,0,0,20260504,20260522
IDFM:213149,1,0,1,0,0,0,0,20260504,20260520
IDFM:213154,0,1,0,0,0,0,0,20260505,20260526
IDFM:213167,1,0,1,0,0,0,0,20260504,20260520
IDFM:213209,1,0,1,0,0,0,0,20260427,20260520
IDFM:213211,1,1,0,0,0,0,0,20260504,20260526
IDFM:213225,1,0,1,0,0,0,0,20260427,20260520
IDFM:213242,1,0,0,0,0,1,0,20260501,20260524
IDFM:213260,1,0,1,0,0,0,0,20260427,20260522
IDFM:213541,1,0,1,0,1,0,0,20260504,20260522
IDFM:214057,1,1,1,0,0,0,0,20260504,20260526
IDFM:214063,0,1,0,0,0,0,0,20260505,20260526
IDFM:214068,0,1,0,0,0,0,0,20260427,20260526
IDFM:214101,0,1,0,0,0,0,0,20260505,20260526
IDFM:214102,1,1,0,0,0,0,0,20260504,20260526
IDFM:214117,0,1,0,1,0,0,0,20260427,20260526
IDFM:214159,0,1,0,0,0,0,0,20260505,20260526
IDFM:214162,0,1,0,0,0,0,0,20260505,20260526
IDFM:214166,1,1,0,0,0,0,0,20260504,20260526
IDFM:214272,1,1,1,1,0,0,0,20260427,20260526
IDFM:214540,0,0,1,1,0,0,0,20260427,20260513
IDFM:214577,0,0,0,0,0,1,0,20260427,20260524
IDFM:214914,0,0,1,0,0,0,0,20260427,20260513
IDFM:215170,0,0,1,1,0,0,0,20260427,20260515
IDFM:215475,0,1,0,0,0,1,0,20260501,20260526
IDFM:215477,0,1,0,0,0,0,0,20260505,20260526
IDFM:215496,0,0,0,1,0,0,0,20260430,20260515
IDFM:215640,0,0,0,0,1,1,0,20260501,20260524
IDFM:215778,0,1,0,0,0,0,0,20260505,20260526
IDFM:215835,0,0,1,0,0,0,0,20260427,20260515
IDFM:217053,1,1,1,1,0,0,1,20260503,20260526
IDFM:217069,0,0,0,0,0,1,0,20260430,20260524
IDFM:217080,0,0,0,0,0,0,1,20260503,20260525
IDFM:217107,1,1,1,1,1,1,0,20260430,20260526
IDFM:217120,0,0,0,0,0,1,1,20260430,20260525
IDFM:217127,1,1,0,0,0,1,0,20260430,20260526
IDFM:218163,1,1,1,0,0,1,0,20260427,20260526
IDFM:218273,1,1,0,1,0,1,1,20260430,20260526
IDFM:218384,1,1,1,1,0,0,1,20260427,20260526
IDFM:218422,0,0,0,0,1,1,0,20260427,20260524
IDFM:220183,1,1,1,0,0,1,1,20260427,20260526
IDFM:220187,0,1,0,0,0,0,0,20260428,20260526
IDFM:220194,1,1,1,0,1,1,1,20260427,20260526
IDFM:220211,1,1,1,1,0,1,1,20260427,20260526
IDFM:220300,0,1,1,1,0,0,0,20260428,20260526
IDFM:220318,1,1,1,0,0,0,0,20260427,20260526
IDFM:220333,1,0,1,1,1,1,1,20260427,20260525
IDFM:220334,0,0,1,1,0,0,0,20260429,20260522
IDFM:220345,0,0,1,1,0,0,0,20260429,20260521
IDFM:220349,0,0,0,1,0,0,0,20260430,20260521
IDFM:220355,0,0,0,1,0,0,0,20260430,20260522
IDFM:220380,0,0,0,0,1,1,1,20260501,20260525
IDFM:220387,1,0,0,0,0,1,1,20260427,20260525
IDFM:220402,1,0,0,0,0,0,0,20260427,20260518
IDFM:220553,1,0,1,0,0,1,1,20260427,20260525
IDFM:221242,1,1,1,1,0,0,0,20260430,20260526
IDFM:222070,0,0,0,0,0,1,0,20260427,20260523
IDFM:222093,1,1,0,0,0,1,0,20260430,20260526
IDFM:222148,1,1,0,0,0,1,0,20260502,20260526
IDFM:222162,1,1,0,0,0,0,1,20260501,20260526
IDFM:222175,0,0,0,1,1,0,1,20260427,20260525
IDFM:222180,0,0,0,0,1,0,1,20260501,20260525
IDFM:222196,1,1,0,0,1,1,1,20260501,20260526
IDFM:222208,0,0,0,1,1,1,1,20260427,20260525
IDFM:222212,1,1,1,1,1,1,1,20260427,20260526
IDFM:222503,0,0,0,0,0,1,0,20260502,20260523
IDFM:222604,1,1,1,1,0,0,1,20260427,20260526
IDFM:222606,0,0,0,0,1,1,1,20260501,20260525
IDFM:222925,1,1,1,0,0,1,0,20260427,20260526
IDFM:224835,0,0,0,0,1,0,1,20260501,20260524
IDFM:224857,0,0,0,0,1,1,0,20260501,20260523
IDFM:224907,0,0,0,0,0,1,0,20260502,20260525
IDFM:225185,1,1,1,1,1,1,1,20260430,20260526
IDFM:225605,1,1,1,0,0,0,1,20260429,20260526
IDFM:225614,1,1,0,0,0,0,0,20260427,20260428
IDFM:225653,0,0,0,1,0,1,0,20260430,20260524
IDFM:229631,1,0,1,0,0,0,0,20260504,20260521
IDFM:229632,0,1,0,0,0,0,0,20260505,20260526
IDFM:229636,1,0,0,0,0,1,0,20260502,20260523
IDFM:229650,0,1,0,0,0,1,0,20260502,20260526
IDFM:229661,0,1,0,0,0,0,0,20260428,20260526
IDFM:229670,0,0,0,0,0,1,0,20260427,20260523
IDFM:229673,1,0,1,0,0,0,0,20260427,20260429
IDFM:229677,0,1,0,0,0,0,0,20260428,20260526
IDFM:229704,0,0,0,0,1,0,1,20260428,20260525
IDFM:229714,1,0,1,0,0,0,0,20260504,20260521
IDFM:229722,0,1,0,1,1,1,1,20260428,20260526
IDFM:229730,1,0,1,0,0,1,0,20260427,20260523
IDFM:229743,0,1,0,0,0,0,0,20260505,20260526
IDFM:229802,1,0,0,0,0,0,1,20260501,20260525
IDFM:229834,0,1,0,0,1,0,1,20260501,20260526
IDFM:229887,1,0,0,0,0,0,0,20260428,20260521
IDFM:229902,0,0,0,0,0,0,1,20260427,20260525
IDFM:230042,0,0,0,0,1,0,1,20260501,20260525
IDFM:230066,1,0,0,0,0,0,0,20260428,20260521
IDFM:230081,0,1,0,0,1,0,1,20260501,20260526
IDFM:230110,0,1,0,0,1,1,1,20260501,20260526
IDFM:230130,1,0,1,0,0,0,0,20260427,20260521
IDFM:230140,1,0,1,0,0,0,0,20260427,20260521
IDFM:230150,0,1,0,0,0,0,0,20260427,20260526
IDFM:230243,0,1,0,1,1,0,1,20260428,20260526
IDFM:230244,1,1,1,1,0,0,0,20260428,20260526
IDFM:230264,0,1,0,0,0,1,0,20260428,20260526
IDFM:230498,0,1,0,1,1,0,1,20260428,20260526
IDFM:230569,0,0,0,0,0,0,1,20260428,20260525
IDFM:230699,0,1,0,0,1,0,1,20260427,20260526
IDFM:230779,1,0,1,0,0,0,1,20260427,20260525
IDFM:230963,0,1,0,0,0,0,0,20260427,20260526
IDFM:230978,1,0,0,0,0,1,0,20260502,20260523
IDFM:230990,0,1,0,0,0,1,0,20260428,20260526
IDFM:231075,0,1,0,1,0,0,0,20260428,20260430
IDFM:231638,0,1,0,0,0,0,0,20260427,20260526
IDFM:231671,0,0,0,0,0,1,0,20260428,20260523
IDFM:231766,0,1,0,0,0,1,0,20260427,20260526
IDFM:232600,0,0,0,0,1,1,1,20260501,20260525
IDFM:232604,0,0,0,0,0,0,1,20260501,20260525
IDFM:232607,1,1,1,1,0,1,0,20260427,20260526
IDFM:232663,0,0,0,0,1,1,1,20260427,20260525
IDFM:232688,1,1,1,1,1,1,1,20260427,20260526
IDFM:232704,1,1,1,1,1,1,1,20260501,20260526
IDFM:234742,1,1,1,1,1,0,1,20260427,20260526
IDFM:234745,0,0,0,0,0,0,1,20260427,20260525
IDFM:234783,1,1,1,1,0,0,1,20260504,20260526
IDFM:234784,1,1,1,1,0,0,1,20260502,20260526
IDFM:235068,1,1,1,1,1,0,1,20260501,20260526
IDFM:235085,1,1,1,0,0,0,0,20260501,20260526
IDFM:235109,0,0,0,0,0,1,0,20260427,20260523
IDFM:235121,0,0,0,0,0,1,0,20260501,20260523
IDFM:235212,1,1,1,1,1,0,1,20260427,20260503
IDFM:235246,1,1,1,0,1,1,0,20260501,20260526
IDFM:244268,0,1,1,1,1,0,0,20260428,20260522
IDFM:244660,1,0,0,0,0,0,0,20260427,20260526
IDFM:245958,0,0,0,0,1,0,0,20260508,20260508
IDFM:246245,0,1,1,0,0,0,0,20260505,20260513
IDFM:246252,1,0,0,0,0,0,0,20260504,20260511
IDFM:246258,1,1,0,0,0,0,0,20260504,20260512
IDFM:246625,0,0,0,0,0,0,1,20260502,20260510
IDFM:246796,0,0,0,0,0,1,0,20260501,20260509
IDFM:256182,1,1,0,1,0,0,0,20260427,20260526
IDFM:256521,0,1,1,1,1,0,0,20260428,20260523
IDFM:274367,1,0,1,1,0,0,0,20260504,20260522
IDFM:277281,0,0,0,0,0,0,1,20260501,20260517
IDFM:277313,1,0,0,0,0,0,0,20260509,20260526
IDFM:277321,0,1,1,1,1,0,0,20260505,20260522
IDFM:277325,1,0,0,0,0,0,0,20260427,20260518
IDFM:289142,0,0,1,0,0,0,0,20260427,20260520
IDFM:290352,0,0,0,0,0,0,1,20260503,20260524
IDFM:291442,1,0,1,0,0,0,0,20260504,20260520
IDFM:292011,1,0,0,0,0,0,0,20260511,20260525
IDFM:292442,1,0,0,1,0,0,0,20260504,20260521
IDFM:293404,1,0,0,0,0,0,0,20260427,20260525
IDFM:294901,1,1,1,1,1,1,1,20260427,20260503
IDFM:297709,0,0,0,0,0,1,1,20260427,20260517
IDFM:298892,0,0,0,0,0,1,0,20260502,20260516
IDFM:301514,1,0,1,1,0,0,0,20260427,20260522
IDFM:301529,1,1,1,0,0,0,0,20260427,20260526
IDFM:302168,1,1,0,1,0,0,0,20260427,20260526
IDFM:306744,1,0,0,0,0,0,0,20260427,20260525
IDFM:311376,1,0,0,0,0,0,1,20260427,20260525
IDFM:315553,0,1,1,0,0,0,0,20260505,20260526
IDFM:321681,0,0,0,0,0,1,0,20260502,20260523
IDFM:321703,1,1,1,1,0,0,1,20260427,20260526
IDFM:322564,0,0,0,0,1,0,1,20260501,20260525
IDFM:327061,1,1,1,0,0,1,0,20260502,20260526
IDFM:328172,1,0,0,0,0,0,0,20260427,20260525
IDFM:329100,0,1,0,1,0,0,0,20260428,20260526
IDFM:341091,1,1,1,1,1,0,1,20260427,20260525
IDFM:341102,1,1,1,1,0,0,1,20260427,20260526
IDFM:341115,1,1,1,1,1,0,0,20260427,20260525
IDFM:362109,1,1,1,1,0,0,0,20260427,20260526
IDFM:365549,1,1,1,1,0,0,0,20260427,20260526
IDFM:365558,1,1,0,0,0,0,0,20260504,20260526
IDFM:366367,1,1,1,1,1,0,1,20260427,20260526
IDFM:375647,0,1,1,1,0,1,0,20260428,20260526
IDFM:375656,0,1,1,1,0,1,1,20260428,20260526
IDFM:376675,1,1,1,1,1,0,0,20260427,20260526
IDFM:376976,0,0,1,0,0,1,0,20260429,20260523
IDFM:377200,0,0,0,0,0,0,1,20260510,20260510
IDFM:377288,0,0,0,0,1,1,0,20260508,20260509
IDFM:382653,0,1,1,0,0,0,0,20260428,20260526
IDFM:382712,1,0,0,1,0,0,0,20260427,20260521
IDFM:390213,1,1,1,0,0,0,0,20260504,20260526
IDFM:390284,1,1,1,0,0,0,0,20260504,20260526
IDFM:390285,0,0,0,1,0,0,0,20260507,20260522
IDFM:394160,0,0,0,0,0,1,1,20260502,20260525
IDFM:396676,1,0,0,0,0,0,0,20260427,20260526
IDFM:397720,0,1,1,1,1,0,0,20260428,20260523
IDFM:398176,0,1,1,1,0,0,0,20260428,20260522
IDFM:408447,1,0,0,0,0,0,0,20260509,20260526
IDFM:408940,1,0,0,0,0,0,0,20260427,20260518
IDFM:409767,0,1,1,0,0,0,0,20260428,20260429
IDFM:413853,1,0,0,0,0,0,0,20260427,20260518
IDFM:414929,1,0,0,0,0,0,0,20260427,20260525
IDFM:428957,0,0,0,0,0,1,0,20260430,20260524
IDFM:429610,0,0,0,0,1,0,0,20260501,20260516
IDFM:429611,1,1,1,0,0,0,0,20260427,20260526
IDFM:429631,0,0,0,1,1,1,1,20260430,20260525
IDFM:429632,1,0,0,0,1,1,1,20260427,20260526
IDFM:429681,0,0,0,0,0,1,0,20260430,20260523
IDFM:429708,1,0,0,0,0,0,1,20260427,20260526
IDFM:429801,0,0,0,0,1,0,0,20260501,20260514
IDFM:429953,0,0,0,0,0,0,1,20260517,20260524
IDFM:430002,1,1,1,1,0,0,0,20260427,20260522
IDFM:430003,0,0,0,0,0,0,1,20260501,20260524
IDFM:430019,0,1,1,1,0,0,0,20260428,20260522
IDFM:430020,0,0,0,0,0,1,0,20260502,20260525
IDFM:430087,0,0,0,0,0,0,1,20260503,20260526
IDFM:430088,1,1,1,1,1,0,0,20260427,20260525
IDFM:430089,0,0,0,0,1,0,1,20260501,20260514
IDFM:430093,0,0,0,0,0,0,1,20260501,20260525
IDFM:430112,1,1,1,1,0,0,0,20260427,20260521
IDFM:430122,1,1,1,1,0,0,0,20260427,20260525
IDFM:430194,1,1,1,1,1,0,1,20260427,20260525
IDFM:430362,0,0,0,0,1,0,1,20260501,20260517
IDFM:430385,1,1,1,1,1,0,0,20260427,20260522
IDFM:430388,0,0,0,0,0,0,1,20260502,20260525
IDFM:431946,0,0,0,0,0,1,1,20260508,20260525
IDFM:432840,0,1,1,0,1,0,0,20260505,20260523
IDFM:432996,0,0,0,1,0,0,0,20260507,20260521
IDFM:438022,0,1,1,0,1,0,0,20260505,20260522
IDFM:443090,1,1,0,0,0,0,0,20260504,20260526
IDFM:443091,1,1,1,1,0,0,0,20260518,20260521
IDFM:455796,0,1,0,1,0,0,0,20260428,20260526
IDFM:457370,1,1,1,1,1,1,0,20260427,20260526
IDFM:457530,0,1,0,0,1,0,0,20260428,20260526
IDFM:457624,0,0,0,1,0,0,1,20260430,20260524
IDFM:457625,0,0,1,1,0,0,1,20260429,20260524
IDFM:457638,1,0,0,1,1,0,0,20260427,20260525
IDFM:457649,0,0,1,1,0,1,0,20260429,20260523
IDFM:457652,0,0,1,1,0,1,1,20260429,20260524
IDFM:457735,0,1,0,0,1,1,1,20260428,20260526
IDFM:457736,0,1,0,0,1,1,0,20260428,20260526
IDFM:457761,0,1,0,0,1,0,1,20260428,20260526
IDFM:457798,0,1,1,1,1,1,0,20260428,20260526
IDFM:457865,0,0,0,1,0,0,0,20260430,20260521
IDFM:457867,1,1,1,1,0,1,1,20260427,20260526
IDFM:457868,1,1,1,0,1,0,0,20260427,20260526
IDFM:457878,0,1,1,0,1,0,1,20260428,20260526
IDFM:457879,1,1,0,1,1,1,1,20260427,20260526
IDFM:457885,1,1,1,0,1,1,1,20260427,20260526
IDFM:457892,0,0,1,0,1,0,0,20260429,20260522
IDFM:457898,0,1,1,0,1,1,0,20260428,20260526
IDFM:457899,0,0,0,1,1,1,0,20260430,20260523
IDFM:457900,0,0,1,1,1,0,1,20260429,20260524
IDFM:457901,0,0,0,0,1,1,0,20260501,20260523
IDFM:457902,1,0,0,1,0,0,1,20260427,20260525
IDFM:457911,1,1,0,0,1,0,0,20260427,20260526
IDFM:457913,1,1,1,0,1,1,0,20260427,20260526
IDFM:457915,0,1,1,0,1,0,0,20260428,20260526
IDFM:457923,1,1,0,1,0,0,0,20260427,20260526
IDFM:457926,1,0,1,0,1,1,1,20260427,20260525
IDFM:457934,0,1,1,1,0,0,1,20260428,20260526
IDFM:457935,1,1,0,1,0,1,0,20260427,20260526
IDFM:457939,0,0,1,0,0,1,1,20260429,20260524
IDFM:457941,1,0,0,1,0,1,1,20260427,20260525
IDFM:457942,0,0,0,1,0,1,0,20260430,20260523
IDFM:457952,1,1,1,1,0,0,1,20260427,20260526
IDFM:457954,1,0,1,0,1,1,0,20260427,20260525
IDFM:457956,0,1,1,1,1,0,0,20260428,20260526
IDFM:457959,0,1,1,0,0,1,0,20260428,20260526
IDFM:457963,1,1,1,0,0,1,1,20260427,20260526
IDFM:457964,1,0,1,1,1,0,0,20260427,20260525
IDFM:457965,1,1,0,1,1,0,1,20260427,20260526
IDFM:457966,1,0,0,1,1,1,1,20260427,20260525
IDFM:457968,1,0,0,1,0,0,0,20260427,20260525
IDFM:457969,0,1,0,1,0,1,0,20260428,20260526
IDFM:457970,0,0,0,1,1,0,0,20260430,20260522
IDFM:457971,0,0,0,1,1,1,1,20260430,20260524
IDFM:457973,1,0,0,0,1,0,0,20260427,20260525
IDFM:457984,1,0,0,0,1,0,1,20260427,20260525
IDFM:457986,1,1,1,0,0,0,1,20260427,20260526
IDFM:457987,1,0,1,0,1,0,1,20260427,20260525
IDFM:457988,1,0,1,1,1,1,0,20260427,20260525
IDFM:457990,0,0,1,1,0,0,0,20260429,20260521
IDFM:457994,1,0,0,1,0,1,0,20260427,20260525
IDFM:457995,0,1,0,1,0,1,1,20260428,20260526
IDFM:457996,0,1,0,1,1,1,1,20260428,20260526
IDFM:458001,0,1,0,0,0,0,1,20260428,20260526
IDFM:458614,0,0,1,1,0,0,0,20260429,20260430
IDFM:460480,1,1,1,1,0,0,0,20260430,20260526
IDFM:460827,1,1,1,0,0,0,0,20260429,20260526
IDFM:479083,0,0,0,0,1,0,0,20260501,20260525
IDFM:479190,0,0,0,1,0,0,0,20260427,20260507
IDFM:492483,0,0,1,0,0,0,0,20260429,20260520
IDFM:TN:41588942,1,1,1,1,0,0,0,20260430,20260527
IDFM:TN:41588943,0,0,1,0,0,0,0,20260429,20260429
IDFM:TN:41589120,1,1,1,0,0,0,0,20260504,20260527
IDFM:TN:41589126,1,1,1,1,0,0,0,20260430,20260522
IDFM:TN:41589134,0,1,1,0,0,0,0,20260526,20260527
IDFM:TN:41589194,0,0,0,0,1,1,1,20260501,20260525
IDFM:TN:41589196,0,0,0,0,1,1,1,20260501,20260525
IDFM:TN:41589197,0,0,0,0,1,1,1,20260501,20260525
IDFM:TN:41589219,0,0,0,0,0,1,0,20260508,20260525
IDFM:TN:41589227,0,0,0,0,1,1,1,20260501,20260503
IDFM:TN:41589232,0,0,0,0,0,1,0,20260502,20260525
IDFM:TN:41589236,1,1,1,1,1,1,1,20260430,20260527
IDFM:TN:41589246,1,1,1,1,0,1,0,20260430,20260527
IDFM:TN:41589249,0,0,0,0,1,1,1,20260501,20260525
IDFM:TN:41589252,0,0,0,0,0,1,0,20260502,20260525
IDFM:TN:41589323,1,1,1,1,0,0,0,20260430,20260527
IDFM:TN:41589355,0,0,0,0,0,1,0,20260502,20260525
IDFM:TN:41589432,0,1,0,0,0,0,0,20260505,20260526
IDFM:TN:41589450,1,0,1,1,0,0,0,20260430,20260527
IDFM:TN:41589625,1,1,1,1,1,1,1,20260430,20260525
IDFM:TN:41589676,0,1,1,1,0,1,0,20260430,20260527
IDFM:TN:41589722,1,0,0,0,0,0,0,20260504,20260518
IDFM:TN:41589844,0,0,0,0,1,1,1,20260501,20260525
IDFM:TN:41589845,0,0,0,0,1,1,0,20260501,20260525
IDFM:TN:41589865,0,0,0,0,0,0,1,20260501,20260524
IDFM:TN:41589902,1,0,0,0,0,1,1,20260502,20260526
IDFM:TN:41589968,0,0,0,1,0,0,0,20260430,20260507
IDFM:TN:41590212,0,0,0,0,0,1,0,20260502,20260525
IDFM:TN:41590213,0,0,0,0,0,0,1,20260501,20260525
IDFM:TN:41590214,0,0,0,0,0,0,1,20260501,20260524
IDFM:TN:41590216,0,0,0,0,0,1,1,20260501,20260525
IDFM:TN:41590221,0,0,0,0,0,0,1,20260501,20260524
IDFM:TN:41590222,0,0,0,0,1,0,1,20260501,20260503
IDFM:TN:41590263,0,0,0,0,0,0,1,20260501,20260524
IDFM:TN:41590288,1,0,0,0,0,1,1,20260502,20260526
IDFM:TN:41590301,0,0,0,0,0,0,1,20260501,20260525
IDFM:TN:41590341,0,0,0,0,0,0,1,20260508,20260517
IDFM:TN:41590342,0,0,0,0,1,0,1,20260508,20260510
IDFM:TN:41590343,0,0,0,0,1,1,0,20260508,20260516
IDFM:TN:41590344,0,0,0,0,0,1,0,20260509,20260516
IDFM:TN:41590345,0,0,0,1,1,1,1,20260514,20260517
IDFM:TN:41590346,0,0,0,0,1,1,1,20260508,20260517
IDFM:TN:41590347,0,0,0,0,1,1,1,20260508,20260510
IDFM:TN:41590350,0,0,0,0,0,1,0,20260509,20260509
IDFM:TN:41590354,0,0,0,0,1,1,0,20260515,20260516
IDFM:TN:41590373,0,0,0,1,1,1,0,20260514,20260516
IDFM:TN:41590380,0,0,0,1,0,0,1,20260514,20260517
IDFM:TN:41590389,0,0,0,0,0,0,1,20260508,20260517
IDFM:TN:41590426,0,0,0,0,1,1,0,20260508,20260509
IDFM:TN:41590428,0,0,0,1,0,0,0,20260514,20260514
IDFM:TN:41590463,0,0,0,0,1,0,0,20260508,20260508
IDFM:TN:41590544,0,0,0,0,1,0,1,20260501,20260517
IDFM:TN:41590588,0,0,0,0,0,1,0,20260501,20260525
IDFM:TN:41590599,0,0,0,0,1,0,0,20260501,20260501
IDFM:TN:41590674,0,0,0,0,1,0,1,20260501,20260514
IDFM:TN:41590713,0,0,0,1,0,0,0,20260430,20260430
IDFM:TN:41590750,0,0,0,0,1,1,1,20260508,20260517
IDFM:TN:41590786,0,0,0,0,0,0,1,20260510,20260517
IDFM:TN:41590819,0,0,0,0,0,1,1,20260523,20260524
IDFM:TN:41590821,0,0,0,0,0,1,0,20260523,20260523
IDFM:TN:41590851,0,0,0,0,0,0,1,20260524,20260524
IDFM:TN:41590853,1,0,0,0,0,0,0,20260525,20260525
IDFM:TN:41590888,0,0,0,0,0,1,1,20260516,20260517
IDFM:TN:41590894,0,0,0,0,0,0,1,20260517,20260517
IDFM:TN:41590931,0,0,0,0,0,1,0,20260502,20260502
IDFM:TN:41591449,1,1,1,0,0,0,0,20260511,20260527
IDFM:TN:41591468,1,1,1,0,0,0,0,20260504,20260515
IDFM:TN:41591469,0,0,0,0,0,0,1,20260503,20260525
IDFM:TN:41591470,1,1,1,1,1,0,0,20260430,20260527
IDFM:TN:41591471,0,0,0,0,0,0,1,20260503,20260524
IDFM:TN:41591472,1,0,1,1,0,0,0,20260430,20260527
IDFM:TN:41591473,0,1,0,0,0,0,0,20260505,20260526
IDFM:TN:41591474,0,0,0,0,0,0,1,20260503,20260524
IDFM:TN:41591475,0,0,0,0,0,0,1,20260503,20260525
IDFM:TN:41591478,0,0,0,0,0,0,1,20260503,20260524
IDFM:TN:41591483,1,1,1,1,1,0,1,20260430,20260527
IDFM:TN:41591486,0,0,0,0,0,0,1,20260503,20260524
IDFM:TN:41591494,0,1,1,1,0,0,0,20260430,20260527
IDFM:TN:41591504,1,1,1,1,1,0,1,20260430,20260527
IDFM:TN:41591505,1,1,1,1,1,0,0,20260430,20260527
IDFM:TN:41591508,0,0,0,0,0,0,1,20260503,20260525
IDFM:TN:41591511,0,0,0,0,0,1,1,20260508,20260525
IDFM:TN:41591536,0,0,1,1,0,0,0,20260430,20260527
IDFM:TN:41591537,1,1,1,1,1,0,1,20260503,20260527
IDFM:TN:41591539,1,1,0,0,1,0,1,20260503,20260526
IDFM:TN:41591546,0,0,0,1,0,0,0,20260507,20260507
IDFM:TN:41591547,1,1,1,1,1,0,1,20260430,20260527
IDFM:TN:41591575,0,0,0,0,1,1,0,20260501,20260502
IDFM:TN:41591579,0,0,0,0,0,0,1,20260503,20260503
IDFM:TN:41591587,0,0,0,0,0,1,1,20260502,20260503
IDFM:TN:41591607,1,0,0,0,0,0,0,20260511,20260511
IDFM:TN:41591639,0,0,0,0,0,0,1,20260510,20260510
IDFM:TN:41591687,1,1,1,1,1,0,0,20260430,20260527
IDFM:TN:41591699,1,1,1,1,1,0,0,20260430,20260527
IDFM:TN:41591705,1,1,1,1,0,0,1,20260430,20260527
IDFM:TN:41591712,1,1,1,0,0,0,0,20260525,20260527
IDFM:TN:41591717,0,0,0,0,0,1,1,20260509,20260510
IDFM:TN:41591720,1,1,1,1,1,0,0,20260430,20260527
IDFM:TN:41591733,1,1,1,1,1,0,1,20260430,20260524
IDFM:TN:41591735,0,0,0,0,0,0,1,20260509,20260517
IDFM:TN:41591736,1,1,1,1,1,0,0,20260504,20260522
IDFM:TN:41591743,0,0,0,0,0,0,1,20260430,20260527
IDFM:TN:41591753,1,1,1,0,0,0,0,20260504,20260527
IDFM:TN:41591762,0,0,0,0,0,0,1,20260503,20260525
IDFM:TN:41591848,0,0,0,0,0,0,1,20260510,20260517
IDFM:TN:41591907,1,1,1,1,0,0,0,20260430,20260527
IDFM:TN:41591925,0,0,0,0,1,0,0,20260522,20260522
IDFM:TN:41591939,0,0,0,0,0,1,1,20260503,20260525
IDFM:TN:41591945,0,0,0,0,0,1,1,20260508,20260525
IDFM:TN:41591954,1,1,1,1,1,1,1,20260430,20260527
IDFM:TN:41591958,1,1,1,1,1,1,1,20260430,20260527
IDFM:TN:41591964,1,1,1,1,1,1,1,20260430,20260527
IDFM:TN:41592026,0,0,0,0,0,1,0,20260501,20260525
IDFM:TN:41592053,0,1,1,0,0,0,0,20260518,20260527
IDFM:TN:41592256,1,1,1,1,1,0,1,20260430,20260527
IDFM:TN:41592262,1,1,1,1,1,0,1,20260430,20260527
IDFM:TN:41592275,1,1,1,0,0,0,0,20260430,20260527
IDFM:TN:41592293,0,1,0,0,0,0,0,20260505,20260526
IDFM:TN:41592296,0,1,0,0,0,0,1,20260505,20260526
IDFM:TN:41592320,0,0,0,0,0,1,1,20260501,20260525
IDFM:TN:41592323,0,0,0,0,0,1,1,20260503,20260524
IDFM:TN:41592328,0,0,0,0,0,0,1,20260508,20260524
IDFM:TN:41592332,1,1,1,1,1,1,1,20260503,20260527
IDFM:TN:41592402,0,0,0,0,0,1,1,20260503,20260524
IDFM:TN:41592412,0,0,0,0,0,1,0,20260509,20260525
IDFM:TN:41592624,0,1,1,0,0,0,0,20260430,20260527
IDFM:TN:41592636,1,1,1,1,1,0,0,20260518,20260522
IDFM:TN:41592694,0,1,1,1,0,0,0,20260430,20260527
IDFM:TN:41592696,1,1,1,0,1,0,0,20260504,20260522
IDFM:TN:41592701,1,1,1,1,0,0,0,20260430,20260527
IDFM:TN:41592703,1,1,1,1,0,0,0,20260430,20260527
IDFM:TN:41592704,1,1,1,1,1,0,0,20260504,20260515
IDFM:TN:41592712,1,0,0,0,1,0,0,20260504,20260525
IDFM:TN:41592717,1,1,1,1,1,0,0,20260430,20260527
IDFM:TN:41592726,0,1,1,0,0,0,0,20260504,20260515
IDFM:TN:41592728,1,1,1,0,0,0,0,20260504,20260525
IDFM:TN:41592753,1,1,1,1,0,0,0,20260430,20260527
IDFM:TN:41592857,0,0,0,0,0,0,1,20260503,20260525
IDFM:TN:41592885,0,0,0,0,0,0,1,20260503,20260524
IDFM:TN:41592890,1,0,0,0,0,0,0,20260504,20260525
IDFM:TN:41592897,1,1,1,1,1,0,0,20260504,20260522
IDFM:TN:41592901,1,1,1,1,0,0,0,20260430,20260527
IDFM:TN:41592910,0,1,0,0,0,0,1,20260503,20260526
IDFM:TN:41592972,0,0,0,0,0,0,1,20260508,20260525
IDFM:TN:41593081,0,0,0,0,0,1,0,20260516,20260523
IDFM:TN:41593084,0,0,0,0,0,1,1,20260516,20260524
IDFM:TN:41593111,1,1,1,0,1,0,0,20260511,20260527
IDFM:TN:41593119,1,0,0,0,0,0,1,20260504,20260525
IDFM:TN:41593143,0,0,0,0,0,1,1,20260503,20260523
IDFM:TN:41593322,0,1,1,0,0,0,0,20260430,20260527
IDFM:TN:41593332,1,1,1,1,0,0,0,20260504,20260507
IDFM:TN:41593336,1,1,1,0,1,0,0,20260511,20260515
IDFM:TN:41593351,1,0,0,0,0,0,0,20260504,20260525
IDFM:TN:41593353,1,0,0,0,0,0,0,20260518,20260518
IDFM:TN:41593364,1,0,0,0,0,0,0,20260504,20260504
IDFM:TN:41593372,0,0,0,0,1,0,0,20260515,20260515
IDFM:TN:41593480,1,1,1,1,1,1,0,20260430,20260527
IDFM:TN:41593513,1,1,1,1,1,0,1,20260430,20260527
IDFM:TN:41593567,0,0,0,0,0,1,0,20260516,20260523
IDFM:TN:41593575,0,0,0,0,0,1,0,20260516,20260523
IDFM:TN:41593598,0,0,0,0,0,1,0,20260516,20260516
IDFM:TN:41593660,0,0,0,0,0,0,1,20260517,20260524
IDFM:TN:41593808,0,1,1,1,0,0,0,20260430,20260527
IDFM:TN:41593818,0,0,0,0,0,1,1,20260509,20260524
IDFM:TN:41593819,0,0,0,0,0,1,0,20260509,20260523
IDFM:TN:41593869,0,0,0,0,0,1,1,20260509,20260523
IDFM:TN:41593956,1,1,1,1,1,0,1,20260430,20260527
IDFM:TN:41593967,0,0,0,0,0,0,1,20260503,20260524
IDFM:TN:41593969,0,0,0,0,0,0,1,20260503,20260524
IDFM:TN:41593989,1,1,1,1,1,0,1,20260430,20260527
IDFM:TN:41594096,1,1,1,1,1,0,0,20260430,20260527
IDFM:TN:41594105,1,1,0,0,0,0,0,20260504,20260525
IDFM:TN:41594115,0,0,1,1,0,0,0,20260430,20260527
IDFM:TN:41594197,0,1,1,0,1,0,0,20260512,20260515
IDFM:TN:41594213,0,0,0,0,0,1,1,20260430,20260524
IDFM:TN:41594217,1,1,1,1,1,0,0,20260511,20260527
IDFM:TN:41594230,1,1,1,1,0,0,0,20260430,20260522
IDFM:TN:41594271,1,1,1,1,1,1,1,20260430,20260527
IDFM:TN:41594464,0,0,0,0,0,1,0,20260503,20260523
IDFM:TN:41594493,1,0,0,1,0,0,0,20260430,20260525
IDFM:TN:41594507,0,0,0,1,0,0,0,20260521,20260521
IDFM:TN:41594548,0,1,1,1,1,0,0,20260519,20260522
IDFM:TN:41594563,0,1,0,0,0,0,0,20260526,20260526
IDFM:TN:41594567,0,0,0,0,0,1,1,20260502,20260522
IDFM:TN:41594571,0,0,0,0,0,1,0,20260503,20260516
IDFM:TN:41594574,0,0,0,0,0,1,0,20260509,20260516
IDFM:TN:41594580,1,1,1,1,0,0,1,20260504,20260527
IDFM:TN:41594582,1,1,1,1,1,1,1,20260504,20260527
IDFM:TN:41594608,0,1,1,0,0,0,0,20260430,20260527
IDFM:TN:41594646,1,1,1,1,1,1,1,20260430,20260527
IDFM:TN:41594655,0,0,0,0,0,1,1,20260502,20260524
IDFM:TN:41594666,1,0,0,1,1,0,0,20260518,20260522
IDFM:TN:41594668,1,1,1,1,1,1,1,20260430,20260527
IDFM:TN:41594698,0,1,1,0,0,0,0,20260519,20260520
IDFM:TN:41594700,1,0,1,0,1,0,0,20260518,20260522
IDFM:TN:41594704,0,0,0,0,0,1,1,20260501,20260525
IDFM:TN:41594711,0,0,0,0,0,1,0,20260502,20260523
IDFM:TN:41594714,1,0,0,1,0,0,0,20260504,20260507
IDFM:TN:41594835,1,1,1,1,0,0,0,20260430,20260527
IDFM:TN:41594935,1,1,1,1,1,1,1,20260501,20260527
IDFM:TN:41594941,0,0,0,1,1,1,1,20260430,20260503
IDFM:TN:41594943,1,1,1,1,1,1,1,20260430,20260527
IDFM:TN:41594969,1,1,1,1,1,1,1,20260430,20260527
IDFM:TN:41594974,1,1,1,1,1,1,1,20260430,20260527
IDFM:TN:41594996,1,1,1,1,1,1,1,20260430,20260527
IDFM:TN:41595002,0,1,1,1,1,1,1,20260430,20260527
IDFM:TN:41595006,1,1,1,1,1,1,1,20260430,20260527
IDFM:TN:41595142,0,1,0,0,0,0,0,20260519,20260519
IDFM:TN:41595316,1,1,1,1,1,1,1,20260430,20260527
IDFM:TN:41595318,1,1,1,1,1,1,1,20260430,20260527
IDFM:TN:41595328,1,1,1,1,1,0,1,20260430,20260526
IDFM:TN:41595340,1,1,1,1,1,1,1,20260430,20260527
IDFM:TN:41595360,1,1,1,1,1,0,0,20260430,20260527
IDFM:TN:41595370,1,1,1,1,0,1,1,20260430,20260527
IDFM:TN:41595387,1,1,1,1,1,1,1,20260430,20260527
IDFM:TN:41595389,1,1,1,0,1,1,1,20260501,20260527
IDFM:TN:41595401,0,0,0,0,0,1,0,20260502,20260523
IDFM:TN:41595415,0,0,0,0,0,1,1,20260502,20260517
IDFM:TN:41595428,1,1,1,0,0,0,0,20260518,20260520
IDFM:TN:41595437,0,0,1,0,0,0,0,20260527,20260527
IDFM:TN:41595452,0,0,0,1,0,0,0,20260430,20260513
IDFM:TN:41595553,1,1,1,1,1,0,1,20260430,20260527
IDFM:TN:41595555,1,1,1,1,1,1,0,20260430,20260527
IDFM:TN:41595558,0,1,1,0,0,0,0,20260430,20260527
IDFM:TN:41595569,0,1,0,0,0,0,0,20260505,20260527
IDFM:TN:41595580,0,0,0,1,0,0,0,20260430,20260507
IDFM:TN:41595586,1,0,1,1,0,0,0,20260518,20260521
IDFM:TN:41595592,1,1,1,0,0,0,0,20260511,20260513
IDFM:TN:41595661,1,1,1,1,1,1,1,20260430,20260527
IDFM:TN:41595715,1,1,1,1,1,1,1,20260430,20260527
IDFM:TN:41595758,0,0,0,0,0,1,1,20260501,20260524
IDFM:TN:41595966,1,1,1,1,1,1,1,20260430,20260527
IDFM:TN:41595968,0,1,0,0,1,0,0,20260519,20260522
IDFM:TN:41595969,1,1,1,1,1,0,1,20260430,20260527
IDFM:TN:41595976,1,1,1,1,0,1,1,20260430,20260527
IDFM:TN:41595984,0,0,0,0,0,1,1,20260501,20260525
IDFM:TN:41595990,0,0,0,0,0,1,0,20260502,20260525
IDFM:TN:41595993,0,0,0,0,0,1,1,20260501,20260525
IDFM:TN:41596001,1,1,1,1,1,1,0,20260430,20260527
IDFM:TN:41596042,1,1,1,1,0,1,0,20260430,20260527
IDFM:TN:41596096,1,1,1,1,1,0,0,20260430,20260527
IDFM:TN:41596097,1,1,1,1,0,1,1,20260430,20260527
IDFM:TN:41596099,0,0,0,0,0,1,1,20260502,20260524
IDFM:TN:41596114,1,1,1,1,0,1,0,20260430,20260527
IDFM:TN:41596175,1,1,1,1,1,1,0,20260430,20260527
IDFM:TN:41596181,1,1,1,0,0,1,0,20260430,20260527
IDFM:TN:41596182,0,0,0,0,0,1,1,20260501,20260525
IDFM:TN:41596183,0,0,0,0,0,1,1,20260501,20260525
IDFM:TN:41596191,1,1,1,1,1,1,1,20260430,20260527
IDFM:TN:41596194,1,1,1,1,0,1,0,20260430,20260527
IDFM:TN:41596201,0,0,0,0,0,1,0,20260502,20260524
IDFM:TN:41596212,1,1,1,1,1,1,0,20260518,20260523
IDFM:TN:41596214,1,0,1,1,1,0,0,20260518,20260522
IDFM:TN:41596233,0,0,0,0,1,0,0,20260501,20260508
IDFM:TN:41596239,0,1,0,0,0,1,0,20260519,20260523
IDFM:TN:41596247,0,0,1,0,1,0,0,20260520,20260522
IDFM:TN:41596312,0,0,0,1,0,1,0,20260514,20260516
IDFM:TN:41596353,1,1,1,0,0,0,0,20260430,20260527
IDFM:TN:41596355,1,1,1,0,0,0,0,20260430,20260527
IDFM:TN:41596361,1,1,1,0,0,0,1,20260430,20260527
IDFM:TN:41596365,0,1,1,0,0,0,0,20260430,20260527
IDFM:TN:41596368,0,0,0,0,0,1,1,20260502,20260524
IDFM:TN:41596386,1,1,0,1,0,1,0,20260518,20260523
IDFM:TN:41596463,1,1,1,1,0,1,0,20260430,20260527
IDFM:TN:41596479,1,1,1,0,0,1,1,20260430,20260527
IDFM:TN:41596480,1,1,1,1,0,1,0,20260430,20260527
IDFM:TN:41596488,1,1,1,1,0,1,0,20260430,20260527
IDFM:TN:41596534,1,1,1,0,0,0,1,20260430,20260527
IDFM:TN:41596540,1,1,1,1,1,1,1,20260430,20260527
IDFM:TN:41596544,0,0,0,0,0,1,1,20260430,20260527
IDFM:TN:41596545,0,1,0,0,1,1,0,20260519,20260523
IDFM:TN:41596563,0,0,0,0,0,1,1,20260502,20260524
IDFM:TN:41596569,1,0,0,0,0,0,1,20260504,20260510
IDFM:TN:41596587,0,0,1,1,0,0,0,20260520,20260521
IDFM:TN:41596594,0,0,0,0,0,1,1,20260501,20260525
IDFM:TN:41596689,0,0,0,0,1,0,1,20260501,20260524
IDFM:TN:41596702,1,0,1,1,1,1,0,20260518,20260523
IDFM:TN:41596711,1,0,0,0,0,0,1,20260430,20260525
IDFM:TN:41596721,0,0,0,1,0,0,0,20260430,20260523
IDFM:TN:41596733,1,1,1,0,0,0,1,20260501,20260527
IDFM:TN:41596760,0,1,1,0,0,0,0,20260519,20260527
IDFM:TN:41596926,1,1,1,1,0,1,1,20260430,20260527
IDFM:TN:41596929,0,1,1,1,1,1,1,20260430,20260527
IDFM:TN:41596931,1,1,1,1,0,1,0,20260430,20260527
IDFM:TN:41596953,1,1,1,1,0,1,1,20260430,20260527
IDFM:TN:41596955,1,0,0,0,0,0,0,20260511,20260525
IDFM:TN:41597000,1,0,1,1,0,1,0,20260518,20260523
IDFM:TN:41597013,1,0,1,0,0,0,1,20260430,20260527
IDFM:TN:41597018,0,0,1,0,1,1,0,20260520,20260523
IDFM:TN:41597038,1,0,0,1,0,0,0,20260518,20260521
IDFM:TN:41597042,0,1,0,0,0,0,0,20260512,20260512
IDFM:TN:41597063,1,1,0,1,0,0,0,20260518,20260521
IDFM:TN:41597064,1,1,1,1,0,1,0,20260518,20260523
IDFM:TN:41597068,0,1,1,0,1,0,0,20260519,20260522
IDFM:TN:41597214,1,1,1,1,1,0,0,20260504,20260522
IDFM:TN:41597217,1,1,1,1,1,1,1,20260430,20260525
IDFM:TN:41597226,0,0,0,0,0,1,1,20260501,20260525
IDFM:TN:41597233,1,1,1,1,1,1,0,20260430,20260525
IDFM:TN:41597253,0,0,0,0,0,1,1,20260430,20260525
IDFM:TN:41597285,1,1,1,1,1,0,1,20260511,20260527
IDFM:TN:41597287,1,1,1,1,0,0,1,20260430,20260527
IDFM:TN:41597290,0,0,0,1,0,0,0,20260430,20260508
IDFM:TN:41597294,1,1,0,0,0,0,0,20260511,20260527
IDFM:TN:41597300,1,1,1,1,1,0,0,20260430,20260525
IDFM:TN:41597303,0,0,0,1,0,0,0,20260430,20260507
IDFM:TN:41597307,1,1,1,1,0,0,0,20260430,20260527
IDFM:TN:41597315,0,0,0,0,0,0,1,20260503,20260525
IDFM:TN:41597318,0,0,0,0,0,0,1,20260503,20260525
IDFM:TN:41597319,0,1,1,0,0,0,0,20260505,20260506
IDFM:TN:41597320,1,1,1,1,1,0,1,20260430,20260527
IDFM:TN:41597328,0,0,0,0,0,1,1,20260503,20260524
IDFM:TN:41597330,1,1,1,1,1,0,0,20260504,20260508
IDFM:TN:41597336,0,0,0,0,0,0,1,20260503,20260525
IDFM:TN:41597357,0,0,0,0,1,0,0,20260508,20260522
IDFM:TN:41597401,1,1,1,1,1,0,1,20260511,20260527
IDFM:TN:41597404,1,1,1,1,1,1,1,20260511,20260527
IDFM:TN:41597405,1,1,1,1,1,0,0,20260511,20260527
IDFM:TN:41597407,1,1,1,1,1,0,0,20260430,20260527
IDFM:TN:41597410,0,0,0,0,0,0,1,20260514,20260525
IDFM:TN:41597414,0,1,1,0,0,0,0,20260512,20260513
IDFM:TN:41597426,0,0,0,1,0,0,0,20260430,20260508
IDFM:TN:41597427,0,0,0,0,0,0,1,20260514,20260524
IDFM:TN:41597434,0,0,0,0,0,1,1,20260514,20260525
IDFM:TN:41597436,1,1,1,1,1,0,0,20260514,20260527
IDFM:TN:41597445,0,0,0,0,0,0,1,20260514,20260525
IDFM:TN:41597490,0,0,0,1,1,0,0,20260507,20260508
IDFM:TN:41597510,0,1,0,0,0,0,0,20260505,20260505
IDFM:TN:41597525,1,0,0,0,0,0,0,20260504,20260525
IDFM:TN:41597529,1,1,1,1,1,0,0,20260430,20260527
IDFM:TN:41597532,1,1,1,1,1,1,0,20260430,20260527
IDFM:TN:41597538,1,1,1,1,1,1,0,20260430,20260525
IDFM:TN:41597549,1,1,1,0,1,1,0,20260501,20260527
IDFM:TN:41597551,0,1,1,1,0,0,0,20260430,20260527
IDFM:TN:41597555,1,1,1,1,1,1,1,20260430,20260527
IDFM:TN:41597557,1,1,1,1,1,1,0,20260430,20260527
IDFM:TN:41597568,0,0,0,0,0,1,1,20260501,20260523
IDFM:TN:41597607,1,1,1,1,1,0,1,20260430,20260527
IDFM:TN:41597608,1,1,1,1,0,0,0,20260430,20260527
IDFM:TN:41597609,1,1,1,1,1,0,1,20260430,20260527
IDFM:TN:41597611,1,0,1,0,1,0,0,20260504,20260527
IDFM:TN:41597616,1,1,1,1,1,0,0,20260430,20260527
IDFM:TN:41597622,1,1,1,1,1,0,0,20260430,20260527
IDFM:TN:41597626,1,1,1,1,1,0,1,20260430,20260527
IDFM:TN:41597646,0,0,0,0,0,0,1,20260503,20260524
IDFM:TN:41597653,0,0,0,0,0,0,1,20260503,20260525
IDFM:TN:41597666,0,0,0,0,0,0,1,20260503,20260525
IDFM:TN:41597712,0,0,0,0,0,0,1,20260503,20260527
IDFM:TN:41597714,1,1,1,1,1,0,0,20260430,20260527
IDFM:TN:41597716,1,1,1,1,0,0,0,20260430,20260527
IDFM:TN:41597720,1,0,0,1,1,0,1,20260430,20260527
IDFM:TN:41597723,1,1,1,1,0,0,0,20260430,20260525
IDFM:TN:41597730,0,0,0,0,0,1,0,20260509,20260523
IDFM:TN:41597732,0,0,0,0,0,0,1,20260503,20260524
IDFM:TN:41597736,1,1,1,1,1,0,0,20260430,20260527
IDFM:TN:41597738,1,1,1,1,0,0,1,20260430,20260527
IDFM:TN:41597745,1,1,1,1,1,0,0,20260430,20260527
IDFM:TN:41597882,0,0,0,0,0,1,1,20260509,20260524
IDFM:TN:41597886,0,0,0,0,0,0,1,20260516,20260524
IDFM:TN:41597948,1,1,1,1,1,1,1,20260501,20260527
IDFM:TN:41597950,0,0,0,1,0,1,1,20260514,20260517
IDFM:TN:41597962,1,1,1,0,0,1,1,20260502,20260527
IDFM:TN:41597965,1,1,1,1,1,1,1,20260430,20260527
IDFM:TN:41597966,1,1,1,0,1,0,0,20260501,20260527
IDFM:TN:41597970,0,0,0,0,1,1,1,20260501,20260517
IDFM:TN:41597978,1,1,1,0,0,1,0,20260502,20260527
IDFM:TN:41597982,0,0,0,0,1,0,0,20260501,20260514
IDFM:TN:41597996,0,0,0,0,0,1,0,20260502,20260516
IDFM:TN:41598077,0,0,0,0,0,1,1,20260501,20260521
IDFM:TN:41598078,1,1,1,1,1,0,1,20260501,20260527
IDFM:TN:41598087,1,1,1,1,1,1,1,20260501,20260522
IDFM:TN:41598092,0,1,1,0,1,1,1,20260501,20260527
IDFM:TN:41598106,0,0,0,0,0,1,1,20260501,20260517
IDFM:TN:41598108,1,0,0,0,0,0,1,20260503,20260518
IDFM:TN:41598220,0,0,0,0,0,1,0,20260502,20260525
IDFM:TN:41598301,1,1,1,1,1,0,0,20260430,20260527
IDFM:TN:41598310,0,0,0,0,0,1,1,20260502,20260524
IDFM:TN:41598346,1,0,0,1,1,1,1,20260430,20260525
IDFM:TN:41598348,1,0,0,0,0,1,1,20260430,20260527
IDFM:TN:41598508,0,0,0,0,1,1,1,20260430,20260527
IDFM:TN:41598751,1,1,1,0,0,0,0,20260504,20260526
IDFM:TN:41598788,1,0,0,0,0,0,1,20260503,20260525
IDFM:TN:41598801,1,1,1,1,1,0,0,20260504,20260527
IDFM:TN:41598802,0,1,1,0,1,0,0,20260501,20260527
IDFM:TN:41598813,0,1,1,0,1,0,0,20260504,20260527
IDFM:TN:41598874,1,1,1,1,1,1,1,20260430,20260527
IDFM:TN:41598876,0,0,0,0,0,1,1,20260501,20260525
IDFM:TN:41598922,1,1,1,1,1,1,0,20260430,20260527
IDFM:TN:41598926,0,0,0,0,0,1,1,20260501,20260527
IDFM:TN:41599082,1,1,1,1,1,1,1,20260430,20260527
IDFM:TN:41599090,1,0,0,0,0,1,1,20260430,20260526
IDFM:TN:41599093,0,0,0,0,1,1,1,20260430,20260527
IDFM:TN:41599094,1,1,1,1,1,1,1,20260430,20260527
IDFM:TN:41599100,1,1,1,1,1,1,1,20260430,20260527
IDFM:TN:41599109,1,0,0,1,1,1,1,20260501,20260525
IDFM:TN:41599112,0,0,0,0,1,1,1,20260430,20260525
IDFM:TN:41599128,0,1,1,0,0,0,0,20260430,20260527
IDFM:TN:41599243,1,1,1,1,1,0,0,20260430,20260527
IDFM:TN:41599252,1,0,0,0,0,0,1,20260502,20260526
IDFM:TN:41599275,0,1,1,1,1,1,1,20260430,20260527
IDFM:TN:41599281,1,1,1,1,1,1,1,20260430,20260527
IDFM:TN:41599285,1,1,1,1,0,0,0,20260504,20260521
IDFM:TN:41599298,0,0,0,0,1,1,1,20260430,20260525
IDFM:TN:41599316,1,0,0,0,0,0,0,20260504,20260518
IDFM:TN:41599326,0,0,0,0,0,1,1,20260502,20260525
IDFM:TN:41599363,0,0,0,1,1,0,0,20260430,20260501
IDFM:TN:41600028,0,0,0,0,0,1,1,20260430,20260525
IDFM:TN:41600510,1,0,1,0,0,0,0,20260430,20260527
IDFM:TN:41600530,0,1,0,0,0,0,0,20260505,20260512
IDFM:TN:41600555,1,0,0,0,0,0,1,20260430,20260526
IDFM:TN:41600556,1,0,0,0,0,0,0,20260430,20260525
IDFM:TN:41600558,0,0,0,0,0,0,1,20260503,20260526
IDFM:TN:41600629,1,1,1,1,0,0,0,20260504,20260522
IDFM:TN:41600630,0,1,1,1,1,0,0,20260505,20260508
IDFM:TN:41600634,1,1,1,0,0,0,0,20260511,20260521
IDFM:TN:41600636,0,1,1,1,0,0,0,20260512,20260523
IDFM:TN:41600683,1,1,1,0,0,0,0,20260430,20260527
IDFM:TN:41600700,0,0,0,1,0,0,0,20260507,20260521
IDFM:TN:41601126,1,1,1,1,1,1,1,20260501,20260527
IDFM:TN:41601159,1,1,1,1,1,1,1,20260430,20260527
IDFM:TN:41601331,0,0,0,0,0,1,1,20260502,20260525
IDFM:TN:41601332,0,0,0,0,0,0,1,20260502,20260525
IDFM:TN:41601345,0,0,0,0,0,1,0,20260502,20260525
IDFM:TN:41601366,0,0,0,0,0,1,1,20260502,20260510
IDFM:TN:41601649,0,0,0,0,0,0,1,20260503,20260517
IDFM:TN:41601790,0,0,0,0,1,0,0,20260501,20260523
IDFM:TN:41601931,0,0,0,1,1,1,1,20260430,20260525
IDFM:TN:41601932,1,0,0,0,0,0,1,20260502,20260526
IDFM:TN:41601933,0,0,0,0,1,0,0,20260501,20260516
IDFM:TN:41601936,0,0,0,1,0,0,0,20260430,20260515
IDFM:TN:41601970,0,0,0,0,0,1,1,20260501,20260524
IDFM:TN:41602141,0,0,0,0,0,1,1,20260502,20260525
IDFM:TN:41602198,0,0,1,0,1,0,0,20260513,20260515
IDFM:TN:41602291,0,1,1,1,0,0,0,20260430,20260527
IDFM:TN:41602293,1,0,0,0,0,0,0,20260504,20260511
IDFM:TN:41602351,0,0,0,0,0,1,1,20260502,20260524
IDFM:TN:41602380,1,1,1,0,0,0,0,20260504,20260527
IDFM:TN:41602381,1,0,0,0,1,1,1,20260501,20260526
IDFM:TN:41602385,0,1,1,1,0,0,0,20260430,20260527
IDFM:TN:41602386,1,0,0,0,0,1,1,20260502,20260526
IDFM:TN:41602523,1,1,1,1,1,1,1,20260430,20260527
IDFM:TN:41602524,0,0,0,1,0,1,1,20260430,20260525
IDFM:TN:41602533,1,0,0,1,1,1,1,20260430,20260525
IDFM:TN:41602612,1,0,0,0,1,0,1,20260501,20260526
IDFM:TN:41602614,0,0,0,0,0,1,1,20260430,20260525
IDFM:TN:41602618,1,0,0,0,0,0,1,20260501,20260526
IDFM:TN:41602661,0,0,0,1,1,1,1,20260430,20260525
IDFM:TN:41602690,1,1,0,0,0,0,0,20260511,20260522
IDFM:TN:41602767,1,1,1,1,0,1,1,20260502,20260517
IDFM:TN:41602862,1,1,1,0,0,1,0,20260502,20260527
IDFM:TN:41603184,0,1,1,1,0,1,0,20260512,20260527
IDFM:TN:41603969,0,0,1,1,0,1,0,20260514,20260527
IDFM:TN:41603970,1,0,0,0,0,1,1,20260502,20260527
IDFM:TN:41604021,0,1,1,0,1,0,0,20260513,20260527
IDFM:TN:41604025,0,0,1,1,0,0,0,20260430,20260527
IDFM:TN:41604074,0,1,1,1,0,0,0,20260430,20260527
IDFM:TN:41604109,1,1,1,0,0,0,0,20260504,20260506
IDFM:TN:41604113,0,1,1,0,0,0,0,20260507,20260527
IDFM:TN:41604378,1,1,1,0,0,0,0,20260504,20260527
IDFM:TN:41604380,0,1,1,1,0,0,0,20260505,20260527
IDFM:TN:41604382,0,1,1,1,0,0,0,20260505,20260527
IDFM:TN:41604481,0,1,1,1,0,0,0,20260505,20260527
IDFM:TN:41604485,1,1,1,1,0,0,0,20260504,20260527
IDFM:TN:41604491,0,0,1,0,0,0,0,20260519,20260527
IDFM:TN:41604493,0,1,1,1,1,1,0,20260512,20260516
IDFM:TN:41604500,0,0,0,0,1,0,0,20260430,20260525
IDFM:TN:41604502,0,0,0,0,0,1,0,20260430,20260509
IDFM:TN:41604795,0,0,0,0,1,0,0,20260430,20260508
IDFM:TN:41604803,0,0,0,0,0,1,0,20260430,20260526
IDFM:TN:41605026,1,1,0,0,0,0,0,20260511,20260512
IDFM:TN:41605123,0,1,1,1,0,0,0,20260505,20260507
IDFM:TN:41605184,1,1,1,1,1,1,1,20260501,20260527
IDFM:TN:41605205,1,1,1,1,1,0,0,20260501,20260527
IDFM:TN:41605234,1,0,0,0,1,1,1,20260501,20260525
IDFM:TN:41605756,1,1,1,0,0,0,0,20260504,20260527
IDFM:TN:41605923,0,0,1,0,0,0,0,20260507,20260527
IDFM:TN:41605951,0,1,1,0,0,0,0,20260504,20260527
IDFM:TN:41606053,1,1,0,1,0,0,0,20260430,20260527
IDFM:TN:41606068,0,0,1,0,0,0,0,20260513,20260513
IDFM:TN:41606080,1,1,1,1,0,0,0,20260430,20260527
IDFM:TN:41606090,1,1,1,1,0,0,0,20260430,20260527
IDFM:TN:41606189,0,0,0,0,0,1,1,20260501,20260524
IDFM:TN:41606228,0,1,1,0,0,0,0,20260518,20260527
IDFM:TN:41606265,0,0,0,1,1,0,0,20260507,20260522
IDFM:TN:41606386,0,0,0,0,0,1,1,20260501,20260525
IDFM:TN:41606387,0,0,0,0,0,1,1,20260501,20260525
IDFM:TN:41606388,0,0,0,0,0,1,1,20260501,20260524
IDFM:TN:41606392,0,0,0,0,1,0,0,20260501,20260527
IDFM:TN:41606393,1,0,0,0,0,0,1,20260502,20260526
IDFM:TN:41606405,0,1,1,0,0,0,0,20260504,20260520
IDFM:TN:41606411,1,1,1,0,0,0,0,20260504,20260527
IDFM:TN:41606412,0,0,0,1,0,0,0,20260430,20260522
IDFM:TN:41606417,0,0,0,1,0,0,0,20260430,20260522
IDFM:TN:41606418,1,1,1,0,0,0,0,20260504,20260527
IDFM:TN:41606424,0,0,0,1,0,0,0,20260430,20260527
IDFM:TN:41606427,1,1,1,0,0,0,0,20260430,20260527
IDFM:TN:41606429,1,1,0,0,0,0,0,20260511,20260527
IDFM:TN:41606443,0,0,0,1,0,0,0,20260430,20260522
IDFM:TN:41606448,1,1,1,0,0,0,0,20260430,20260527
IDFM:TN:41606476,0,0,1,0,0,0,0,20260513,20260520
IDFM:TN:41606576,0,0,0,0,0,1,1,20260508,20260524
IDFM:TN:41606872,1,0,0,0,0,0,1,20260509,20260526
IDFM:TN:41607214,1,1,0,0,0,0,0,20260430,20260527
IDFM:TN:41607271,1,0,0,1,0,0,0,20260430,20260527
IDFM:TN:41607275,0,1,1,0,0,0,0,20260505,20260520
IDFM:TN:41607611,1,0,0,0,0,0,0,20260430,20260527
IDFM:TN:41607634,0,0,0,1,0,0,0,20260430,20260527
IDFM:TN:41607785,0,0,0,0,0,1,0,20260501,20260524
IDFM:TN:41607792,0,0,0,0,0,0,1,20260503,20260525
IDFM:TN:41607810,0,0,0,0,1,0,0,20260430,20260527
IDFM:TN:41607824,0,0,1,0,0,0,0,20260520,20260520
IDFM:TN:41607894,0,0,0,0,0,0,1,20260509,20260525
IDFM:TN:41608231,0,0,0,0,0,1,1,20260501,20260524
IDFM:TN:41608232,0,0,0,0,0,1,1,20260501,20260525
IDFM:TN:41608239,0,0,0,0,0,1,0,20260501,20260524
IDFM:TN:41608242,0,0,0,1,0,0,0,20260430,20260522
IDFM:TN:41608243,1,1,0,0,0,0,0,20260504,20260527
IDFM:TN:41608246,0,0,0,1,0,0,0,20260430,20260522
IDFM:TN:41608255,1,1,1,0,0,0,0,20260504,20260527
IDFM:TN:41608295,1,0,0,0,0,0,0,20260430,20260527
IDFM:TN:41608296,0,1,1,0,0,0,0,20260505,20260520
IDFM:TN:41608375,1,0,0,0,0,0,1,20260502,20260526
IDFM:TN:41608426,0,0,0,0,0,1,1,20260501,20260524
IDFM:TN:41608428,0,0,0,0,0,1,0,20260501,20260524
IDFM:TN:41608441,1,1,1,0,0,0,0,20260511,20260527
IDFM:TN:41608442,0,0,0,1,0,0,0,20260430,20260522
IDFM:TN:41608500,1,1,0,0,0,0,0,20260504,20260512
IDFM:TN:41608509,0,0,0,1,0,0,0,20260430,20260522
IDFM:TN:41608510,1,0,0,0,0,0,0,20260504,20260527
IDFM:TN:41608584,0,1,1,1,1,0,0,20260430,20260527
IDFM:TN:41608586,0,0,0,0,0,0,1,20260502,20260525
IDFM:TN:41608593,1,0,0,0,0,0,0,20260504,20260526
IDFM:TN:41608716,0,1,1,0,0,0,0,20260505,20260513
IDFM:TN:41609057,1,1,1,0,0,0,0,20260504,20260527
IDFM:TN:41609060,0,1,1,1,0,0,0,20260505,20260527
IDFM:TN:41609117,0,1,1,0,0,0,0,20260504,20260527
IDFM:TN:41609149,0,1,1,0,0,0,0,20260504,20260527
IDFM:TN:41609213,1,1,1,0,0,0,0,20260504,20260527
IDFM:TN:41609223,0,0,0,0,0,1,1,20260508,20260525
IDFM:TN:41610405,0,0,0,0,0,1,1,20260509,20260525
IDFM:TN:41611878,1,1,1,1,0,0,0,20260430,20260527
IDFM:TN:41612166,1,1,1,1,0,0,0,20260501,20260527
IDFM:TN:41612257,0,1,1,0,0,0,0,20260505,20260513
IDFM:TN:41612441,1,1,1,0,0,1,0,20260501,20260527
IDFM:TN:41612442,0,0,0,0,0,0,1,20260430,20260522
IDFM:TN:41612454,1,1,1,1,0,0,0,20260518,20260521
IDFM:TN:41612456,1,1,1,1,1,1,0,20260430,20260527
IDFM:TN:41612458,0,0,0,0,1,1,0,20260501,20260516
IDFM:TN:41612462,0,0,0,1,1,1,0,20260430,20260522
IDFM:TN:41612466,0,1,1,0,0,0,0,20260504,20260527
IDFM:TN:41612467,0,0,0,0,0,0,1,20260503,20260525
IDFM:TN:41612471,0,1,1,0,0,0,0,20260505,20260527
IDFM:TN:41612473,1,1,1,0,0,0,0,20260504,20260527
IDFM:TN:41612480,1,0,0,0,0,0,0,20260504,20260526
IDFM:TN:41612492,0,0,0,0,0,0,1,20260503,20260516
IDFM:TN:41612493,1,1,1,1,1,0,0,20260504,20260527
IDFM:TN:41612498,1,1,1,0,0,0,0,20260511,20260527
IDFM:TN:41612500,0,0,0,0,0,0,1,20260430,20260517
IDFM:TN:41612502,0,0,1,1,0,0,1,20260430,20260527
IDFM:TN:41612505,1,1,1,1,1,0,0,20260504,20260527
IDFM:TN:41612506,0,0,0,0,1,1,0,20260501,20260509
IDFM:TN:41612510,0,0,0,0,1,0,0,20260513,20260522
IDFM:TN:41612512,0,1,1,0,0,0,0,20260518,20260527
IDFM:TN:41612513,1,1,1,1,1,0,0,20260430,20260527
IDFM:TN:41612518,0,0,0,0,0,0,1,20260430,20260525
IDFM:TN:41612521,0,0,0,0,0,1,1,20260509,20260517
IDFM:TN:41612526,0,0,0,1,1,1,0,20260507,20260509
IDFM:TN:41612550,1,1,1,1,0,0,0,20260430,20260527
IDFM:TN:41612557,1,1,1,1,1,1,0,20260501,20260522
IDFM:TN:41612559,1,1,1,0,0,0,1,20260503,20260527
IDFM:TN:41612561,0,1,1,1,1,1,0,20260502,20260527
IDFM:TN:41612562,0,0,0,0,1,1,0,20260502,20260522
IDFM:TN:41612564,0,1,1,1,0,0,0,20260430,20260527
IDFM:TN:41612565,1,1,1,1,1,1,0,20260501,20260527
IDFM:TN:41612570,0,0,0,0,0,1,0,20260502,20260509
IDFM:TN:41612575,1,0,0,0,0,0,0,20260430,20260522
IDFM:TN:41612576,1,0,0,0,0,0,1,20260503,20260526
IDFM:TN:41612589,0,1,1,0,0,0,0,20260505,20260521
IDFM:TN:41612617,1,1,0,1,1,1,1,20260430,20260522
IDFM:TN:41612620,1,1,1,1,1,1,0,20260502,20260522
IDFM:TN:41612621,0,0,0,0,0,0,1,20260503,20260522
IDFM:TN:41612623,1,1,1,1,1,1,1,20260502,20260527
IDFM:TN:41612627,1,1,1,1,1,0,0,20260501,20260527
IDFM:TN:41612630,0,0,0,0,0,1,1,20260502,20260517
IDFM:TN:41612631,0,1,1,1,1,0,0,20260505,20260522
IDFM:TN:41612632,1,1,1,0,0,0,1,20260503,20260522
IDFM:TN:41612637,0,0,0,0,0,1,0,20260502,20260516
IDFM:TN:41612647,1,1,1,1,1,0,0,20260511,20260522
IDFM:TN:41612657,0,0,1,0,0,0,0,20260506,20260506
IDFM:TN:41612680,1,1,1,0,0,0,0,20260504,20260518
IDFM:TN:41612689,1,1,0,0,0,0,0,20260511,20260521
IDFM:TN:41612696,1,1,1,0,0,0,0,20260430,20260522
IDFM:TN:41612697,0,0,1,1,1,0,0,20260507,20260522
IDFM:TN:41612714,0,1,1,1,0,0,0,20260430,20260522
IDFM:TN:41612718,1,0,0,0,0,0,0,20260504,20260518
IDFM:TN:41612725,0,0,0,0,0,1,0,20260501,20260516
IDFM:TN:41612726,0,1,1,0,0,0,0,20260519,20260527
IDFM:TN:41612731,1,1,1,1,1,0,0,20260430,20260527
IDFM:TN:41612732,1,1,1,1,1,0,1,20260430,20260524
IDFM:TN:41612738,1,1,1,1,1,0,1,20260503,20260527
IDFM:TN:41612744,1,1,1,0,1,0,0,20260511,20260522
IDFM:TN:41612746,0,0,0,1,0,0,1,20260504,20260524
IDFM:TN:41612747,0,0,0,1,0,0,0,20260430,20260514
IDFM:TN:41612748,0,0,0,1,0,0,1,20260430,20260503
IDFM:TN:41612752,0,0,0,0,0,0,1,20260503,20260517
IDFM:TN:41612779,0,1,1,0,1,0,0,20260512,20260527
IDFM:TN:41612833,0,0,0,0,1,0,0,20260507,20260522
IDFM:TN:41612835,1,1,1,0,0,0,0,20260504,20260521
IDFM:TN:41612845,0,1,1,0,1,0,0,20260512,20260522
IDFM:TN:41612853,0,0,0,0,0,0,1,20260503,20260510
IDFM:TN:41612904,1,1,1,1,1,0,0,20260430,20260522
IDFM:TN:41612907,1,0,0,1,0,0,0,20260430,20260525
IDFM:TN:41612915,1,1,1,1,1,0,1,20260430,20260525
IDFM:TN:41612987,1,1,1,0,0,0,0,20260430,20260522
IDFM:TN:41612990,1,1,1,1,1,0,0,20260504,20260522
IDFM:TN:41613011,0,0,0,0,0,1,0,20260516,20260524
IDFM:TN:41613037,1,1,1,1,0,0,0,20260430,20260521
IDFM:TN:41613042,0,0,0,0,1,0,0,20260515,20260522
IDFM:TN:41613049,0,0,0,1,1,1,0,20260430,20260502
IDFM:TN:41613059,1,1,1,1,1,0,0,20260511,20260515
IDFM:TN:41613060,1,1,1,1,0,0,0,20260430,20260522
IDFM:TN:41613100,0,0,0,0,0,0,1,20260501,20260525
IDFM:TN:41613102,0,0,0,0,0,1,0,20260502,20260523
IDFM:TN:41613161,1,1,1,1,1,0,1,20260430,20260527
IDFM:TN:41613185,0,0,0,0,0,1,1,20260501,20260525
IDFM:TN:41613238,0,0,0,0,0,1,0,20260502,20260509
IDFM:TN:41613239,0,1,1,0,0,0,0,20260430,20260527
IDFM:TN:41613245,0,0,0,0,1,0,0,20260501,20260525
IDFM:TN:41613249,0,0,0,0,0,0,1,20260501,20260525
IDFM:TN:41613251,0,0,0,0,0,0,1,20260501,20260525
IDFM:TN:41613260,0,0,0,0,0,1,0,20260502,20260523
IDFM:TN:41613264,0,1,1,0,0,0,0,20260511,20260527
IDFM:TN:41613286,1,1,1,0,0,0,0,20260504,20260527
IDFM:TN:41613297,1,1,1,1,0,0,0,20260430,20260527
IDFM:TN:41613298,0,0,0,0,0,0,1,20260503,20260524
IDFM:TN:41613349,1,0,0,1,0,0,0,20260430,20260511
IDFM:TN:41613357,0,1,0,0,0,0,0,20260430,20260527
IDFM:TN:41613390,0,0,0,0,0,1,0,20260501,20260523
IDFM:TN:41613398,1,1,1,1,0,0,1,20260430,20260527
IDFM:TN:41613462,0,0,0,1,0,0,0,20260430,20260507
IDFM:TN:41613564,0,1,1,1,0,0,0,20260505,20260516
IDFM:TN:41613597,1,1,1,0,0,0,0,20260511,20260522
IDFM:TN:41613599,0,0,0,0,0,1,1,20260502,20260524
IDFM:TN:41613601,0,1,1,1,1,1,0,20260505,20260509
IDFM:TN:41613657,0,0,0,0,1,0,0,20260501,20260522
IDFM:TN:41613658,0,0,0,0,0,0,1,20260510,20260524
IDFM:TN:41613659,1,1,1,1,0,0,0,20260504,20260527
IDFM:TN:41613665,0,0,0,0,0,1,0,20260502,20260523
IDFM:TN:41613672,0,1,1,0,1,0,0,20260505,20260527
IDFM:TN:41613676,0,0,0,1,0,0,0,20260430,20260514
IDFM:TN:41613688,0,0,0,0,0,1,1,20260502,20260524
IDFM:TN:41614595,0,1,0,1,1,0,0,20260505,20260508
IDFM:TN:41614596,1,0,0,0,0,0,0,20260511,20260521
IDFM:TN:41614597,1,0,1,0,0,0,0,20260504,20260506
IDFM:TN:41615739,0,0,0,1,1,0,0,20260514,20260515
IDFM:TN:41615785,0,1,1,1,1,0,0,20260430,20260523
IDFM:TN:41615795,0,1,1,1,1,1,0,20260505,20260523
IDFM:TN:41615853,0,1,1,1,1,0,0,20260505,20260523
IDFM:TN:41615854,0,1,0,1,0,0,0,20260519,20260521
IDFM:TN:41615856,0,1,1,1,1,0,0,20260505,20260523
IDFM:TN:41615857,1,1,1,0,0,0,0,20260504,20260522
IDFM:TN:41616094,1,1,1,0,0,0,0,20260504,20260513
IDFM:TN:41616096,0,1,1,1,0,0,0,20260505,20260514
IDFM:TN:41616110,0,1,1,1,1,1,0,20260505,20260516
IDFM:TN:41616127,0,1,1,1,0,0,0,20260519,20260521
IDFM:TN:41616132,0,1,1,0,0,0,0,20260504,20260514
IDFM:TN:41616150,0,0,1,0,0,0,0,20260506,20260514
IDFM:TN:41616160,1,1,0,0,0,0,0,20260525,20260526
IDFM:TN:41616228,0,1,1,1,1,1,0,20260505,20260527
IDFM:TN:41616316,0,1,1,1,1,1,0,20260519,20260523
IDFM:TN:41616317,0,1,1,1,0,0,0,20260505,20260514
IDFM:TN:41616319,0,1,1,0,0,1,0,20260505,20260516
IDFM:TN:41616322,0,0,0,1,0,0,0,20260507,20260514
IDFM:TN:41616331,0,1,1,1,1,1,0,20260430,20260527
IDFM:TN:41616333,1,0,0,0,0,0,0,20260504,20260525
IDFM:TN:41616338,0,0,0,0,0,0,1,20260503,20260524
IDFM:TN:41616629,1,1,1,0,0,0,0,20260504,20260515
IDFM:TN:41616639,0,1,1,1,0,0,0,20260505,20260516
IDFM:TN:41616646,0,0,0,0,1,0,0,20260508,20260515
IDFM:TN:41616647,0,0,0,1,0,0,0,20260507,20260514
IDFM:TN:41617191,0,1,1,1,1,1,0,20260430,20260527
IDFM:TN:41617252,1,1,0,1,0,0,0,20260504,20260518
IDFM:TN:41617254,0,0,1,0,0,0,0,20260430,20260527
IDFM:TN:41617357,0,1,1,1,1,0,0,20260430,20260527
IDFM:TN:41617429,0,0,0,0,0,0,1,20260508,20260525
IDFM:TN:41617430,0,0,0,0,0,1,0,20260509,20260523
IDFM:TN:41617527,1,0,0,0,0,0,0,20260509,20260526
IDFM:TN:41617617,0,0,0,0,0,0,1,20260510,20260524
IDFM:TN:41621705,0,1,1,1,1,0,0,20260430,20260527
IDFM:TN:41621741,0,0,1,0,0,0,0,20260505,20260527
IDFM:TN:41621743,1,1,0,0,0,0,0,20260504,20260518
IDFM:TN:41621744,0,0,1,0,0,0,0,20260507,20260527
IDFM:TN:41621747,1,0,0,0,0,0,0,20260504,20260525
IDFM:TN:41621781,0,0,1,0,0,0,0,20260506,20260527
IDFM:TN:41621785,0,1,1,0,0,0,0,20260505,20260520
IDFM:TN:41621787,0,1,0,0,0,0,0,20260504,20260521
IDFM:TN:41624491,1,0,1,0,0,0,0,20260508,20260527
IDFM:TN:41624492,0,0,0,1,0,0,0,20260430,20260522
IDFM:TN:41626310,1,1,1,1,1,0,0,20260430,20260527
IDFM:TN:41626312,1,0,0,0,0,0,0,20260503,20260525
IDFM:TN:41626313,0,0,0,0,0,0,1,20260502,20260524
IDFM:TN:41626316,0,1,1,1,1,1,0,20260430,20260527
IDFM:TN:41626357,1,0,0,0,0,0,0,20260511,20260518
IDFM:TN:41626469,0,0,0,0,0,1,0,20260501,20260523
IDFM:TN:41626470,1,1,1,1,0,0,1,20260430,20260527
IDFM:TN:41626471,1,1,1,0,0,0,0,20260430,20260527
IDFM:TN:41626472,0,0,0,0,0,0,1,20260503,20260525
IDFM:TN:41626482,1,1,1,0,0,0,1,20260501,20260527
IDFM:TN:41626491,1,1,1,1,0,0,0,20260430,20260527
IDFM:TN:41626492,1,1,1,1,0,0,1,20260430,20260527
IDFM:TN:41626514,1,1,1,1,0,0,1,20260430,20260527
IDFM:TN:41626517,1,1,1,1,1,0,0,20260430,20260527
IDFM:TN:41626519,1,1,1,1,0,0,1,20260430,20260527
IDFM:TN:41626537,1,1,1,1,0,0,0,20260430,20260527
IDFM:TN:41626563,1,1,1,1,1,0,0,20260430,20260527
IDFM:TN:41626565,1,1,1,1,0,0,0,20260430,20260527
IDFM:TN:41626615,0,1,1,1,1,0,0,20260430,20260527
IDFM:TN:41626621,1,1,0,1,1,0,0,20260430,20260527
IDFM:TN:41626629,0,0,1,0,0,0,0,20260506,20260520
IDFM:TN:41626673,0,0,0,0,0,1,1,20260502,20260525
IDFM:TN:41626675,0,0,0,0,0,0,1,20260503,20260525
IDFM:TN:41626689,0,0,0,0,0,0,1,20260503,20260525
IDFM:TN:41626726,1,1,1,0,0,0,0,20260504,20260527
IDFM:TN:41626742,1,1,1,1,0,0,0,20260430,20260527
IDFM:TN:41626790,1,1,1,1,1,1,0,20260430,20260527
IDFM:TN:41626820,1,1,1,1,1,1,1,20260430,20260527
IDFM:TN:41626850,0,0,0,0,0,1,0,20260502,20260523
IDFM:TN:41626854,0,1,1,0,0,0,0,20260505,20260527
IDFM:TN:41626855,0,0,0,0,0,1,0,20260501,20260523
IDFM:TN:41626856,1,1,1,0,0,0,1,20260430,20260527
IDFM:TN:41626858,0,0,0,0,0,1,1,20260502,20260525
IDFM:TN:41626862,1,0,0,0,0,0,0,20260430,20260526
IDFM:TN:41626894,0,0,1,0,0,0,0,20260506,20260527
IDFM:TN:41626907,0,0,0,0,0,1,1,20260501,20260524
IDFM:TN:41626912,0,0,0,0,0,0,1,20260503,20260525
IDFM:TN:41626928,0,0,0,0,0,1,1,20260501,20260525
IDFM:TN:41626963,1,1,0,1,0,0,0,20260430,20260526
IDFM:TN:41627022,1,1,0,0,0,0,0,20260430,20260526
IDFM:TN:41627024,0,0,1,0,0,0,0,20260519,20260527
IDFM:TN:41627058,1,1,1,1,1,1,1,20260430,20260515
IDFM:TN:41627066,1,1,1,1,0,0,0,20260430,20260513
IDFM:TN:41627070,1,1,1,1,0,1,0,20260430,20260515
IDFM:TN:41627235,0,0,0,0,0,1,0,20260502,20260515
IDFM:TN:41627244,1,1,1,1,1,0,1,20260430,20260514
IDFM:TN:41627370,1,1,1,0,0,0,0,20260518,20260527
IDFM:TN:41478817,1,0,0,0,0,0,0,20260427,20260427
IDFM:TN:41481172,0,1,0,0,0,0,0,20260428,20260428
IDFM:TN:41443905,0,0,0,0,0,0,1,20260426,20260426
IDFM:TN:41407060,0,0,0,0,0,1,0,20260425,20260425
